1763997361861 0.00040697674418604653 0
1764006362757 0.0008186239043657017 1
1764008152373 0.0012102610549657067 2
1764010127122 0.0011825602868415527 3
1764011960192 0.0011318292652694989 4
1764013417571 0.0010687723208591762 5
1764014874245 0.0009949421248559678 6
1764017624870 0.0009121566217138447 7
1764019529726 0.0008224542652694989 8
1764021276210 0.0007280438252436429 9
1764023107993 0.0006312500000000002 10
1764024982389 0.0005344561747563574 11
1764026826349 0.00044004573473050134 12
1764028712985 0.0003503433782861555 13
1764030605644 0.00026755787514403246 14
1764033287581 0.00019372767914082378 15
1764035616441 0.00013067073473050126 16
1764039554787 7.993971315844743e-05 17
1764041604546 4.278378054237364e-05 18
1764046061078 2.0117839256758447e-05 19
