1764061497558 0.0003277777777777778 0
1764062307939 0.0006480211111111111 1
1764063135493 0.0009550644444444444 2
1764063958411 0.0009406 3
1764064789485 0.0009208 4
1764065641031 0.000901 5
1764066492430 0.0008812 6
1764067362938 0.0008614 7
1764068252539 0.0008416000000000001 8
1764069172523 0.0008218000000000001 9
1764069800080 0.0008020000000000001 10
1764070921568 0.0007822 11
1764071621007 0.0007624 12
1764073238090 0.0007426 13
1764073953507 0.0007228 14
1764074686178 0.000703 15
1764075493194 0.0006831999999999999 16
1764076276878 0.0006633999999999999 17
1764077184864 0.0006436 18
1764078063179 0.0006238 19
1764078969408 0.000604 20
1764079867417 0.0005842000000000001 21
1764080706847 0.0005644000000000001 22
1764081615675 0.0005446000000000001 23
1764082533080 0.0005248000000000001 24
1764083389440 0.000505 25
1764084233928 0.0004852 26
1764085041288 0.0004654 27
1764085725698 0.00044559999999999993 28
1764086412315 0.00042580000000000005 29
1764087128871 0.00040600000000000006 30
1764087859037 0.0003862 31
1764088585188 0.0003664 32
1764089633126 0.00034659999999999997 33
1764090380748 0.0003268 34
1764091114510 0.00030700000000000004 35
1764091883513 0.00028720000000000004 36
1764092632033 0.00026740000000000005 37
1764093374446 0.0002476 38
1764094214869 0.00022779999999999998 39
1764095150768 0.00020799999999999996 40
1764095988641 0.00018820000000000008 41
1764096953272 0.00016840000000000005 42
1764098227190 0.0001486 43
1764099083907 0.00012880000000000001 44
1764099983733 0.00010899999999999998 45
1764100850886 8.919999999999996e-05 46
1764101828252 6.940000000000005e-05 47
1764102774306 4.960000000000004e-05 48
1764103670747 2.9800000000000023e-05 49
