4 0.829296875 0.45 0.33984375 0.49722222222222223
0 0.75078125 0.5375 0.096875 0.18611111111111112
3 0.571875 0.5472222222222223 0.3609375 0.6166666666666667
3 0.35546875 0.3020833333333333 0.146875 0.1486111111111111
5 0.146484375 0.38958333333333334 0.01640625 0.0625
5 0.1671875 0.39166666666666666 0.0140625 0.06388888888888888
5 0.179296875 0.3909722222222222 0.01640625 0.07361111111111111
0 0.56171875 0.2791666666666667 0.0609375 0.08055555555555556
0 0.645703125 0.22083333333333333 0.02734375 0.03333333333333333
0 0.58828125 0.18333333333333332 0.01875 0.022222222222222223
0 0.61015625 0.19305555555555556 0.0140625 0.022222222222222223
0 0.62421875 0.18680555555555556 0.0125 0.02361111111111111
0 0.405078125 0.19375 0.02734375 0.029166666666666667
