1763643053480 0.0 0
1763643314429 5e-05 1
1763643589940 0.001 2
1763643859278 0.00084 3
1763644132791 0.00416 4
1763644404067 0.00637 5
1763644674943 0.00763 6
1763644959163 0.00207 7
1763645245479 0.01713 8
1763645754770 0.01563 9
1763646079144 0.00801 10
1763646359108 0.01167 11
1763646678263 0.02972 12
1763647005358 0.01947 13
1763647343202 0.04686 14
1763647799037 0.06748 15
1763648287147 0.03994 16
1763650440587 0.03251 17
1763650970666 0.07869 18
1763651290580 0.19102 19
1763651853292 0.16138 20
1763652214025 0.16336 21
1763652605454 0.08815 22
1763652986534 0.22727 23
1763653351293 0.16318 24
1763653720062 0.3221 25
1763654055978 0.26732 26
1763654375525 0.2357 27
1763656382353 0.2809 28
1763656599678 0.26282 29
1763656618380 0.3217548022544262 29
