1763643053480 2e-05 0
1763643314429 0.00021 1
1763643589940 0.00228 2
1763643859278 0.00422 3
1763644132791 0.0153 4
1763644404067 0.01536 5
1763644674943 0.02268 6
1763644959163 0.00461 7
1763645245479 0.03339 8
1763645754770 0.03085 9
1763646079144 0.01537 10
1763646359108 0.01972 11
1763646678263 0.04464 12
1763647005358 0.0261 13
1763647343202 0.06773 14
1763647799037 0.0924 15
1763648287147 0.05472 16
1763650440587 0.04597 17
1763650970666 0.0963 18
1763651290580 0.21462 19
1763651853292 0.18523 20
1763652214025 0.18995 21
1763652605454 0.10381 22
1763652986534 0.25499 23
1763653351293 0.18779 24
1763653720062 0.35246 25
1763654055978 0.2881 26
1763654375525 0.25557 27
1763656382353 0.29859 28
1763656599678 0.28268 29
1763656618380 0.35247996052246183 29
