1763643053480 3e-05 0
1763643314429 0.00034 1
1763643589940 0.00087 2
1763643859278 0.00065 3
1763644132791 0.00347 4
1763644404067 0.00261 5
1763644674943 0.00835 6
1763644959163 0.00279 7
1763645245479 0.00801 8
1763645754770 0.009 9
1763646079144 0.00523 10
1763646359108 0.76709 11
1763646678263 0.76114 12
1763647005358 0.00868 13
1763647343202 0.80595 14
1763647799037 0.8272 15
1763648287147 0.79897 16
1763650440587 0.78929 17
1763650970666 0.83432 18
1763651290580 0.84227 19
1763651853292 0.83648 20
1763652214025 0.84354 21
1763652605454 0.80492 22
1763652986534 0.88284 23
1763653351293 0.60197 24
1763653720062 0.28836 25
1763654055978 0.3195 26
1763654375525 0.2978 27
1763656382353 0.27142 28
1763656599678 0.21752 29
1763656618380 0.28910392762410014 29
