1763643053480 0.00394 0
1763643314429 0.07549 1
1763643589940 0.25084 2
1763643859278 0.14326 3
1763644132791 0.70065 4
1763644404067 0.56357 5
1763644674943 0.67574 6
1763644959163 0.27885 7
1763645245479 0.58401 8
1763645754770 0.55653 9
1763646079144 0.357 10
1763646359108 0.10827 11
1763646678263 0.22638 12
1763647005358 0.81196 13
1763647343202 0.1378 14
1763647799037 0.12008 15
1763648287147 0.10827 16
1763650440587 0.12205 17
1763650970666 0.16339 18
1763651290580 0.19488 19
1763651853292 0.1749 20
1763652214025 0.22244 21
1763652605454 0.23228 22
1763652986534 0.19866 23
1763653351293 0.23228 24
1763653720062 0.45617 25
1763654055978 0.35117 26
1763654375525 0.32023 27
1763656382353 0.35266 28
1763656599678 0.49995 29
1763656618380 0.45582535571473604 29
