1763657563164 0.0004074074074074074 0
1763661708808 0.0008138761574074075 1
1763662901319 0.0012100324074074073 2
1763664241675 0.00120359375 3
1763666124697 0.001188125 4
1763666912989 0.00117265625 5
1763668915306 0.0011571875 6
1763669635227 0.00114171875 7
1763670404126 0.00112625 8
1763671265186 0.00111078125 9
1763672120163 0.0010953125 10
1763672993177 0.00107984375 11
1763673766904 0.001064375 12
1763674516001 0.0010489062500000001 13
1763675279774 0.0010334375 14
1763676066038 0.00101796875 15
1763676735192 0.0010025000000000001 16
1763677297007 0.00098703125 17
1763677804100 0.0009715625 18
1763678311314 0.00095609375 19
1763678817819 0.000940625 20
1763679298626 0.0009251562500000001 21
1763679779580 0.0009096875 22
1763680261058 0.00089421875 23
1763680743694 0.00087875 24
1763681228636 0.0008632812500000001 25
1763681711705 0.0008478125 26
1763682197127 0.00083234375 27
1763682683477 0.000816875 28
1763683171848 0.0008014062499999999 29
1763683662869 0.0007859375000000001 30
1763684158401 0.00077046875 31
1763684659424 0.000755 32
1763685210597 0.0007395312500000001 33
1763685948839 0.0007240624999999999 34
1763686536039 0.00070859375 35
1763687117533 0.0006931250000000001 36
1763687703212 0.00067765625 37
1763688294167 0.0006621875000000001 38
1763688900521 0.0006467187499999999 39
1763689503690 0.00063125 40
1763690106916 0.00061578125 41
1763690617265 0.0006003125 42
1763691122122 0.0005848437500000001 43
1763691625910 0.000569375 44
1763692151756 0.00055390625 45
1763692659137 0.0005384375000000001 46
1763693162070 0.00052296875 47
1763693670655 0.0005075 48
1763694192135 0.00049203125 49
1763694729173 0.0004765625 50
1763695217655 0.0004610937500000001 51
1763695710953 0.000445625 52
1763696204910 0.00043015625000000004 53
1763696952070 0.0004146875 54
1763697458533 0.00039921875000000005 55
1763697952749 0.0003837500000000001 56
1763698443239 0.00036828124999999996 57
1763698987990 0.0003528125 58
1763699521275 0.00033734374999999997 59
1763700056209 0.000321875 60
1763700558837 0.00030640625000000004 61
1763701051799 0.00029093749999999996 62
1763701536529 0.00027546875000000005 63
1763702027295 0.00026 64
1763702517617 0.00024453125 65
1763703005686 0.00022906250000000007 66
1763703495237 0.00021359375 67
1763703985724 0.00019812500000000003 68
1763704477090 0.00018265624999999998 69
1763704968425 0.00016718750000000002 70
1763705460390 0.00015171875000000005 71
1763705956121 0.00013624999999999998 72
1763706483553 0.00012078125000000003 73
1763706998066 0.00010531249999999994 74
1763707519078 8.984375e-05 75
1763708057166 7.437500000000006e-05 76
1763708603349 5.890624999999998e-05 77
1763709156425 4.343750000000003e-05 78
1763709707341 2.7968749999999948e-05 79
