1763643029140 0.0004074074074074074 0
1763643292874 0.0007968796296296297 1
1763643568595 0.0011588518518518519 2
1763643837681 0.00112625 3
1763644111499 0.001085 4
1763644382608 0.0010437500000000002 5
1763644653136 0.0010025000000000001 6
1763644936325 0.0009612499999999999 7
1763645222378 0.0009200000000000001 8
1763645740268 0.00087875 9
1763646057716 0.0008375 10
1763646333237 0.0007962500000000001 11
1763646650867 0.000755 12
1763646978071 0.00071375 13
1763647314401 0.0006725 14
1763647715156 0.00063125 15
1763648254060 0.00059 16
1763649522995 0.00054875 17
1763650939654 0.0005075 18
1763651265370 0.0004662500000000001 19
1763651839680 0.00042500000000000003 20
1763652182928 0.0003837500000000001 21
1763652561375 0.0003425000000000001 22
1763652953877 0.00030125 23
1763653319704 0.00026 24
1763653690189 0.00021874999999999995 25
1763654031393 0.00017749999999999998 26
1763654348321 0.00013624999999999998 27
1763656368668 9.499999999999998e-05 28
1763656579882 5.375e-05 29
