1763997551231 0.00047 0
1764006503706 2e-05 1
1764008312401 7e-05 2
1764010304879 0.0 3
1764012063195 0.00071 4
1764013518883 0.00121 5
1764014985267 0.0047 6
1764017907678 0.00129 7
1764019675472 0.00772 8
1764021422250 0.02901 9
1764023257837 0.01554 10
1764025130230 0.03786 11
1764026987141 0.03208 12
1764028867805 0.03224 13
1764030756634 0.07199 14
1764033442895 0.09772 15
1764035807962 0.05504 16
1764039723492 0.099 17
1764041777467 0.09434 18
1764046177993 0.08562 19
1764046291419 0.09885058698624519 19
