1763997551231 0.00148 0
1764006503706 4e-05 1
1764008312401 0.00034 2
1764010304879 1e-05 3
1764012063195 0.00147 4
1764013518883 0.00265 5
1764014985267 0.00868 6
1764017907678 0.00276 7
1764019675472 0.01399 8
1764021422250 0.05152 9
1764023257837 0.02648 10
1764025130230 0.05682 11
1764026987141 0.04802 12
1764028867805 0.05092 13
1764030756634 0.10327 14
1764033442895 0.12708 15
1764035807962 0.08001 16
1764039723492 0.14101 17
1764041777467 0.1342 18
1764046177993 0.12656 19
1764046291419 0.14087982840238014 19
