1763997551231 0.00143 0
1764006503706 9e-05 1
1764008312401 0.00043 2
1764010304879 1e-05 3
1764012063195 0.00058 4
1764013518883 0.00224 5
1764014985267 0.00117 6
1764017907678 0.00116 7
1764019675472 0.00431 8
1764021422250 0.00436 9
1764023257837 0.00755 10
1764025130230 0.00839 11
1764026987141 0.01271 12
1764028867805 0.78166 13
1764030756634 0.78956 14
1764033442895 0.82204 15
1764035807962 0.80275 16
1764039723492 0.83222 17
1764041777467 0.82699 18
1764046177993 0.82334 19
1764046291419 0.8323507588301992 19
