1763997551231 0.21666 0
1764006503706 0.00164 1
1764008312401 0.10197 2
1764010304879 0.01136 3
1764012063195 0.22039 4
1764013518883 0.25643 5
1764014985267 0.24671 6
1764017907678 0.30605 7
1764019675472 0.66999 8
1764021422250 0.63748 9
1764023257837 0.50838 10
1764025130230 0.94121 11
1764026987141 0.85333 12
1764028867805 0.24178 13
1764030756634 0.24342 14
1764033442895 0.24178 15
1764035807962 0.22368 16
1764039723492 0.21875 17
1764041777467 0.213 18
1764046177993 0.20395 19
1764046291419 0.21875 19
