1764061548486 0.35143 0
1764062359558 0.27261 1
1764063188210 0.39196 2
1764064010675 0.38135 3
1764064842324 0.43282 4
1764065694830 0.37635 5
1764066547013 0.39715 6
1764067418275 0.44053 7
1764068343658 0.50614 8
1764069209987 0.54303 9
1764069843539 0.54553 10
1764070957175 0.53219 11
1764071661194 0.52291 12
1764073282814 0.53466 13
1764074002709 0.56322 14
1764074738232 0.59398 15
1764075544065 0.58696 16
1764076334718 0.59868 17
1764077244459 0.60571 18
1764078114678 0.61172 19
1764079031519 0.61466 20
1764079921191 0.61168 21
1764080767315 0.62523 22
1764081676413 0.61149 23
1764082587054 0.60057 24
1764083444246 0.61341 25
1764084284800 0.64652 26
1764085100315 0.64489 27
1764085770737 0.63738 28
1764086459028 0.65489 29
1764087178910 0.63584 30
1764087908895 0.6561 31
1764088632838 0.62521 32
1764089678897 0.65949 33
1764090427690 0.65949 34
1764091167384 0.66156 35
1764091940583 0.6782 36
1764092679197 0.67639 37
1764093427120 0.66768 38
1764094274385 0.66975 39
1764095203510 0.68375 40
1764096043619 0.65855 41
1764097000321 0.67757 42
1764098266071 0.68345 43
1764099143163 0.66987 44
1764100042897 0.67941 45
1764100903637 0.69153 46
1764101890962 0.68956 47
1764102831063 0.68036 48
1764103727445 0.68369 49
1764103784439 0.6842964878344681 49
