1764061548486 0.17852 0
1764062359558 0.12954 1
1764063188210 0.20371 2
1764064010675 0.19558 3
1764064842324 0.22602 4
1764065694830 0.19053 5
1764066547013 0.20658 6
1764067418275 0.23306 7
1764068343658 0.27481 8
1764069209987 0.29435 9
1764069843539 0.30428 10
1764070957175 0.29348 11
1764071661194 0.28669 12
1764073282814 0.30729 13
1764074002709 0.31532 14
1764074738232 0.31259 15
1764075544065 0.32312 16
1764076334718 0.32399 17
1764077244459 0.34691 18
1764078114678 0.33901 19
1764079031519 0.34829 20
1764079921191 0.3476 21
1764080767315 0.35434 22
1764081676413 0.34551 23
1764082587054 0.34151 24
1764083444246 0.3544 25
1764084284800 0.3783 26
1764085100315 0.38307 27
1764085770737 0.38279 28
1764086459028 0.39079 29
1764087178910 0.37668 30
1764087908895 0.39287 31
1764088632838 0.36917 32
1764089678897 0.40373 33
1764090427690 0.3951 34
1764091167384 0.40019 35
1764091940583 0.40844 36
1764092679197 0.41451 37
1764093427120 0.41076 38
1764094274385 0.40554 39
1764095203510 0.41918 40
1764096043619 0.40611 41
1764097000321 0.4171 42
1764098266071 0.41499 43
1764099143163 0.41094 44
1764100042897 0.41169 45
1764100903637 0.42913 46
1764101890962 0.42631 47
1764102831063 0.42706 48
1764103727445 0.43127 49
1764103784439 0.43195188929547984 49
