1764061548486 0.55049 0
1764062359558 0.60871 1
1764063188210 0.58411 2
1764064010675 0.64569 3
1764064842324 0.62693 4
1764065694830 0.30433 5
1764066547013 0.67327 6
1764067418275 0.43666 7
1764068343658 0.67319 8
1764069209987 0.72706 9
1764069843539 0.81016 10
1764070957175 0.55476 11
1764071661194 0.76494 12
1764073282814 0.59508 13
1764074002709 0.74999 14
1764074738232 0.61642 15
1764075544065 0.76827 16
1764076334718 0.56218 17
1764077244459 0.64486 18
1764078114678 0.61224 19
1764079031519 0.79154 20
1764079921191 0.6381 21
1764080767315 0.65884 22
1764081676413 0.61285 23
1764082587054 0.55701 24
1764083444246 0.78162 25
1764084284800 0.63102 26
1764085100315 0.64491 27
1764085770737 0.65647 28
1764086459028 0.7133 29
1764087178910 0.69179 30
1764087908895 0.63997 31
1764088632838 0.64761 32
1764089678897 0.71526 33
1764090427690 0.6647 34
1764091167384 0.65137 35
1764091940583 0.70518 36
1764092679197 0.67546 37
1764093427120 0.67108 38
1764094274385 0.7356 39
1764095203510 0.68214 40
1764096043619 0.69271 41
1764097000321 0.70142 42
1764098266071 0.68334 43
1764099143163 0.62878 44
1764100042897 0.72112 45
1764100903637 0.76818 46
1764101890962 0.74409 47
1764102831063 0.69921 48
1764103727445 0.74595 49
1764103784439 0.7458859484584729 49
