1764061548486 0.34742 0
1764062359558 0.27365 1
1764063188210 0.40374 2
1764064010675 0.36062 3
1764064842324 0.40377 4
1764065694830 0.37599 5
1764066547013 0.36495 6
1764067418275 0.41344 7
1764068343658 0.49194 8
1764069209987 0.47292 9
1764069843539 0.45674 10
1764070957175 0.50861 11
1764071661194 0.47898 12
1764073282814 0.46603 13
1764074002709 0.514 14
1764074738232 0.51636 15
1764075544065 0.5716 16
1764076334718 0.5913 17
1764077244459 0.60072 18
1764078114678 0.61402 19
1764079031519 0.56691 20
1764079921191 0.54954 21
1764080767315 0.56246 22
1764081676413 0.60641 23
1764082587054 0.63011 24
1764083444246 0.57672 25
1764084284800 0.59615 26
1764085100315 0.58746 27
1764085770737 0.58438 28
1764086459028 0.6016 29
1764087178910 0.58335 30
1764087908895 0.5814 31
1764088632838 0.55344 32
1764089678897 0.59012 33
1764090427690 0.59099 34
1764091167384 0.60287 35
1764091940583 0.63082 36
1764092679197 0.64181 37
1764093427120 0.59095 38
1764094274385 0.60948 39
1764095203510 0.62586 40
1764096043619 0.61736 41
1764097000321 0.60372 42
1764098266071 0.62157 43
1764099143163 0.67259 44
1764100042897 0.57625 45
1764100903637 0.59424 46
1764101890962 0.61324 47
1764102831063 0.64023 48
1764103727445 0.60471 49
1764103784439 0.604155781454881 49
