1763643029140 2.94251 0
1763643292874 2.36345 1
1763643568595 2.18554 2
1763643837681 2.13287 3
1763644111499 2.01598 4
1763644382608 1.96674 5
1763644653136 1.91624 6
1763644936325 1.86024 7
1763645222378 1.7773 8
1763645740268 1.67768 9
1763646057716 1.63354 10
1763646333237 1.53888 11
1763646650867 1.49027 12
1763646978071 1.45447 13
1763647314401 1.43564 14
1763647715156 1.36414 15
1763648254060 1.32003 16
1763649522995 1.23146 17
1763650939654 1.24535 18
1763651265370 1.15904 19
1763651839680 0.97071 20
1763652182928 0.8785 21
1763652561375 0.80055 22
1763652953877 0.77088 23
1763653319704 0.73078 24
1763653690189 0.70901 25
1763654031393 0.66915 26
1763654348321 0.65863 27
1763656368668 0.60989 28
1763656579882 0.59689 29
