1763643029140 6.03195 0
1763643292874 4.9852 1
1763643568595 4.6454 2
1763643837681 4.40734 3
1763644111499 4.10363 4
1763644382608 3.95571 5
1763644653136 3.89307 6
1763644936325 3.76402 7
1763645222378 3.70184 8
1763645740268 3.59854 9
1763646057716 3.54485 10
1763646333237 3.50112 11
1763646650867 3.49759 12
1763646978071 3.39697 13
1763647314401 3.27295 14
1763647715156 3.09782 15
1763648254060 3.04623 16
1763649522995 2.9072 17
1763650939654 2.92023 18
1763651265370 2.83951 19
1763651839680 2.88239 20
1763652182928 2.52998 21
1763652561375 2.39341 22
1763652953877 2.31318 23
1763653319704 2.2419 24
1763653690189 2.16792 25
1763654031393 2.11353 26
1763654348321 2.01677 27
1763656368668 2.08754 28
1763656579882 2.01324 29
