1763643029140 2.49291 0
1763643292874 1.93284 1
1763643568595 1.74357 2
1763643837681 1.74868 3
1763644111499 1.65266 4
1763644382608 1.65682 5
1763644653136 1.63594 6
1763644936325 1.5929 7
1763645222378 1.53811 8
1763645740268 1.48762 9
1763646057716 1.48421 10
1763646333237 1.42908 11
1763646650867 1.39965 12
1763646978071 1.37797 13
1763647314401 1.356 14
1763647715156 1.31691 15
1763648254060 1.28257 16
1763649522995 1.25521 17
1763650939654 1.24155 18
1763651265370 1.20753 19
1763651839680 1.19721 20
1763652182928 1.13811 21
1763652561375 1.0898 22
1763652953877 1.06819 23
1763653319704 1.03094 24
1763653690189 0.99954 25
1763654031393 0.98583 26
1763654348321 0.96862 27
1763656368668 0.96185 28
1763656579882 0.94596 29
