1764061497558 1.61827 0
1764062307939 1.50957 1
1764063135493 1.51052 2
1764063958411 1.50535 3
1764064789485 1.48962 4
1764065641031 1.46425 5
1764066492430 1.45027 6
1764067362938 1.44042 7
1764068252539 1.41781 8
1764069172523 1.39563 9
1764069800080 1.39407 10
1764070921568 1.38297 11
1764071621007 1.37178 12
1764073238090 1.35974 13
1764073953507 1.34497 14
1764074686178 1.3501 15
1764075493194 1.31876 16
1764076276878 1.31219 17
1764077184864 1.30319 18
1764078063179 1.3081 19
1764078969408 1.28807 20
1764079867417 1.29287 21
1764080706847 1.27461 22
1764081615675 1.26106 23
1764082533080 1.2466 24
1764083389440 1.2421 25
1764084233928 1.23114 26
1764085041288 1.22551 27
1764085725698 1.22349 28
1764086412315 1.19941 29
1764087128871 1.20847 30
1764087859037 1.20544 31
1764088585188 1.189 32
1764089633126 1.18431 33
1764090380748 1.16345 34
1764091114510 1.16496 35
1764091883513 1.13808 36
1764092632033 1.1408 37
1764093374446 1.13203 38
1764094214869 1.11242 39
1764095150768 1.14189 40
1764095988641 1.13949 41
1764096953272 1.1191 42
1764098227190 1.1001 43
1764099083907 1.08226 44
1764099983733 1.07503 45
1764100850886 1.06963 46
1764101828252 1.07259 47
1764102774306 1.05803 48
1764103670747 1.05461 49
