1764061497558 1.96718 0
1764062307939 1.17831 1
1764063135493 1.10379 2
1764063958411 1.0464 3
1764064789485 1.02014 4
1764065641031 0.98221 5
1764066492430 0.95963 6
1764067362938 0.93006 7
1764068252539 0.89976 8
1764069172523 0.87103 9
1764069800080 0.84208 10
1764070921568 0.85057 11
1764071621007 0.83885 12
1764073238090 0.80809 13
1764073953507 0.79819 14
1764074686178 0.78316 15
1764075493194 0.75756 16
1764076276878 0.75358 17
1764077184864 0.76001 18
1764078063179 0.75199 19
1764078969408 0.72098 20
1764079867417 0.73166 21
1764080706847 0.72654 22
1764081615675 0.70693 23
1764082533080 0.68659 24
1764083389440 0.68771 25
1764084233928 0.67459 26
1764085041288 0.66899 27
1764085725698 0.65391 28
1764086412315 0.64994 29
1764087128871 0.6455 30
1764087859037 0.64164 31
1764088585188 0.63452 32
1764089633126 0.62937 33
1764090380748 0.61896 34
1764091114510 0.616 35
1764091883513 0.59093 36
1764092632033 0.591 37
1764093374446 0.58861 38
1764094214869 0.57202 39
1764095150768 0.58003 40
1764095988641 0.56406 41
1764096953272 0.55782 42
1764098227190 0.54621 43
1764099083907 0.53381 44
1764099983733 0.53619 45
1764100850886 0.5243 46
1764101828252 0.52642 47
1764102774306 0.51928 48
1764103670747 0.51517 49
