1764061497558 1.13292 0
1764062307939 1.08566 1
1764063135493 1.09164 2
1764063958411 1.09205 3
1764064789485 1.08032 4
1764065641031 1.07943 5
1764066492430 1.07093 6
1764067362938 1.05687 7
1764068252539 1.05385 8
1764069172523 1.04062 9
1764069800080 1.03943 10
1764070921568 1.0294 11
1764071621007 1.03015 12
1764073238090 1.0196 13
1764073953507 1.02083 14
1764074686178 1.02655 15
1764075493194 1.01316 16
1764076276878 1.00965 17
1764077184864 1.00706 18
1764078063179 1.00961 19
1764078969408 0.9997 20
1764079867417 1.00068 21
1764080706847 0.99338 22
1764081615675 0.99029 23
1764082533080 0.97483 24
1764083389440 0.98072 25
1764084233928 0.98242 26
1764085041288 0.97318 27
1764085725698 0.96878 28
1764086412315 0.96715 29
1764087128871 0.96361 30
1764087859037 0.96748 31
1764088585188 0.96374 32
1764089633126 0.958 33
1764090380748 0.95548 34
1764091114510 0.94956 35
1764091883513 0.94958 36
1764092632033 0.94561 37
1764093374446 0.94187 38
1764094214869 0.93651 39
1764095150768 0.94307 40
1764095988641 0.94065 41
1764096953272 0.9393 42
1764098227190 0.9304 43
1764099083907 0.92456 44
1764099983733 0.92335 45
1764100850886 0.92543 46
1764101828252 0.92361 47
1764102774306 0.91742 48
1764103670747 0.9191 49
