3 0.08359375 0.6756944444444445 0.1671875 0.37083333333333335
0 0.69375 0.48680555555555555 0.2 0.1736111111111111
0 0.68125 0.25833333333333336 0.1015625 0.10277777777777777
0 0.53515625 0.15833333333333333 0.0625 0.05555555555555555
0 0.688671875 0.12291666666666666 0.04140625 0.04861111111111111
0 0.41953125 0.10902777777777778 0.03125 0.04027777777777778
0 0.4453125 0.08402777777777778 0.0234375 0.03194444444444444
0 0.97578125 0.5652777777777778 0.046875 0.11666666666666667
0 0.602734375 0.9111111111111111 0.23984375 0.175
5 0.20703125 0.34444444444444444 0.025 0.08333333333333333
5 0.227734375 0.3416666666666667 0.01328125 0.09166666666666666
5 0.30078125 0.26805555555555555 0.01875 0.075
5 0.3140625 0.24444444444444444 0.0203125 0.08888888888888889
0 0.908203125 0.3458333333333333 0.01328125 0.08055555555555556
0 0.40625 0.08055555555555556 0.01875 0.041666666666666664
5 0.7109375 0.18541666666666667 0.0125 0.05694444444444444
5 0.72734375 0.19652777777777777 0.0140625 0.06805555555555555
