5 0.22734375 0.38680555555555557 0.0296875 0.11805555555555555
5 0.218359375 0.20902777777777778 0.01640625 0.06527777777777778
0 0.344921875 0.14791666666666667 0.05703125 0.05138888888888889
0 0.27265625 0.12916666666666668 0.040625 0.044444444444444446
0 0.592578125 0.14583333333333334 0.04296875 0.05
0 0.632421875 0.1423611111111111 0.03515625 0.05138888888888889
0 0.66328125 0.13680555555555557 0.03125 0.04027777777777778
0 0.719140625 0.16111111111111112 0.03671875 0.04722222222222222
5 0.814453125 0.8479166666666667 0.06640625 0.24027777777777778
5 0.85234375 0.6972222222222222 0.0484375 0.18611111111111112
5 0.87578125 0.7625 0.046875 0.14722222222222223
