4 0.11015625 0.18680555555555556 0.2171875 0.12361111111111112
5 0.225 0.20833333333333334 0.0140625 0.05277777777777778
5 0.264453125 0.19444444444444445 0.01796875 0.058333333333333334
5 0.29921875 0.2013888888888889 0.0171875 0.05277777777777778
5 0.316015625 0.20833333333333334 0.01328125 0.04722222222222222
5 0.3453125 0.18611111111111112 0.0140625 0.04722222222222222
5 0.33515625 0.18194444444444444 0.0140625 0.04722222222222222
5 0.42265625 0.25555555555555554 0.01875 0.06666666666666667
0 0.477734375 0.15486111111111112 0.03046875 0.043055555555555555
0 0.493359375 0.19652777777777777 0.03515625 0.05138888888888889
0 0.446484375 0.2152777777777778 0.05859375 0.06111111111111111
