0 0.055859375 0.5111111111111111 0.09453125 0.15833333333333333
5 0.071875 0.5284722222222222 0.0234375 0.0875
5 0.558203125 0.11319444444444444 0.01328125 0.05416666666666667
5 0.56796875 0.11736111111111111 0.009375 0.04583333333333333
5 0.88046875 0.3194444444444444 0.015625 0.07777777777777778
0 0.691015625 0.12013888888888889 0.04765625 0.06527777777777778
0 0.553515625 0.2708333333333333 0.04921875 0.09444444444444444
0 0.541015625 0.4284722222222222 0.12421875 0.1736111111111111
0 0.516796875 0.19305555555555556 0.05078125 0.07222222222222222
0 0.476171875 0.1326388888888889 0.04296875 0.05416666666666667
0 0.4125 0.10972222222222222 0.028125 0.044444444444444446
0 0.722265625 0.11666666666666667 0.03671875 0.041666666666666664
3 0.452734375 0.07777777777777778 0.05390625 0.08611111111111111
5 0.285546875 0.28194444444444444 0.02734375 0.075
