0 0.81328125 0.6520833333333333 0.171875 0.3375
0 0.658203125 0.42777777777777776 0.15546875 0.275
0 0.557421875 0.3659722222222222 0.08671875 0.12916666666666668
0 0.470703125 0.3229166666666667 0.07734375 0.09583333333333334
0 0.401171875 0.3076388888888889 0.06015625 0.07083333333333333
0 0.3328125 0.275 0.04375 0.058333333333333334
0 0.294921875 0.2534722222222222 0.05546875 0.06805555555555555
0 0.25625 0.25069444444444444 0.03125 0.0375
0 0.209375 0.25277777777777777 0.0359375 0.03888888888888889
0 0.150390625 0.45208333333333334 0.05859375 0.12083333333333333
0 0.03828125 0.7972222222222223 0.0765625 0.24722222222222223
0 0.341015625 0.42083333333333334 0.11796875 0.2222222222222222
0 0.346875 0.2013888888888889 0.0515625 0.041666666666666664
0 0.393359375 0.19583333333333333 0.02890625 0.03333333333333333
0 0.501953125 0.17847222222222223 0.03828125 0.0375
3 0.57734375 0.1638888888888889 0.0421875 0.03888888888888889
5 0.127734375 0.3236111111111111 0.01640625 0.044444444444444446
5 0.677734375 0.20347222222222222 0.00859375 0.03194444444444444
