1 0.148828125 0.11944444444444445 0.09453125 0.10555555555555556
1 0.07109375 0.15138888888888888 0.0515625 0.09722222222222222
0 0.16640625 0.19305555555555556 0.05625 0.05277777777777778
0 0.118359375 0.18125 0.03984375 0.05416666666666667
0 0.45546875 0.1736111111111111 0.0984375 0.08611111111111111
0 0.544921875 0.10069444444444445 0.03515625 0.04027777777777778
0 0.57890625 0.10833333333333334 0.0296875 0.044444444444444446
0 0.661328125 0.11736111111111111 0.02109375 0.03194444444444444
0 0.640625 0.12013888888888889 0.025 0.034722222222222224
0 0.61328125 0.12222222222222222 0.0296875 0.044444444444444446
0 0.76171875 0.14097222222222222 0.025 0.034722222222222224
0 0.97265625 0.4222222222222222 0.053125 0.1
