0 0.054296875 0.22152777777777777 0.03671875 0.05138888888888889
0 0.100390625 0.22569444444444445 0.05234375 0.06805555555555555
0 0.187890625 0.11527777777777778 0.03828125 0.044444444444444446
0 0.15390625 0.11319444444444444 0.0328125 0.04027777777777778
0 0.43203125 0.13333333333333333 0.0765625 0.06666666666666667
5 0.701171875 0.6902777777777778 0.05390625 0.23333333333333334
5 0.6140625 0.1527777777777778 0.0125 0.05277777777777778
5 0.62890625 0.1625 0.01875 0.05277777777777778
5 0.81015625 0.225 0.0140625 0.08055555555555556
5 0.98125 0.6111111111111112 0.0359375 0.16111111111111112
4 0.137890625 0.6145833333333334 0.27578125 0.5152777777777777
5 0.18828125 0.35 0.034375 0.06388888888888888
5 0.824609375 0.2263888888888889 0.01796875 0.05277777777777778
