0 0.23125 0.5840277777777778 0.1875 0.22083333333333333
0 0.634375 0.4395833333333333 0.16875 0.15694444444444444
0 0.53359375 0.16666666666666666 0.065625 0.08333333333333333
0 0.721484375 0.1423611111111111 0.04140625 0.04861111111111111
0 0.68671875 0.11041666666666666 0.053125 0.04583333333333333
0 0.82109375 0.8361111111111111 0.228125 0.25555555555555554
0 0.376953125 0.12152777777777778 0.02890625 0.05138888888888889
0 0.414453125 0.1125 0.02578125 0.05555555555555555
5 0.31171875 0.25763888888888886 0.0203125 0.09027777777777778
5 0.27734375 0.29583333333333334 0.025 0.075
