0 0.80390625 0.6291666666666667 0.1671875 0.2611111111111111
0 0.54765625 0.3576388888888889 0.0859375 0.10694444444444444
0 0.434375 0.30486111111111114 0.06875 0.0763888888888889
0 0.317578125 0.4618055555555556 0.11015625 0.1375
0 0.374609375 0.3729166666666667 0.04765625 0.10138888888888889
0 0.36953125 0.32430555555555557 0.0609375 0.059722222222222225
0 0.331640625 0.2722222222222222 0.05390625 0.058333333333333334
0 0.29921875 0.2923611111111111 0.053125 0.059722222222222225
0 0.255078125 0.2875 0.03984375 0.041666666666666664
0 0.36640625 0.24375 0.040625 0.0375
0 0.2421875 0.24930555555555556 0.03125 0.03194444444444444
0 0.67109375 0.21597222222222223 0.025 0.03194444444444444
0 0.65234375 0.20277777777777778 0.0203125 0.025
0 0.047265625 0.8 0.09453125 0.23333333333333334
4 0.85703125 0.45416666666666666 0.284375 0.48055555555555557
5 0.15 0.7951388888888888 0.0578125 0.1736111111111111
5 0.24765625 0.6159722222222223 0.025 0.12916666666666668
5 0.272265625 0.5944444444444444 0.03671875 0.1388888888888889
5 0.187109375 0.5902777777777778 0.03515625 0.12777777777777777
5 0.214453125 0.5715277777777777 0.03359375 0.13472222222222222
5 0.1453125 0.4888888888888889 0.0171875 0.08888888888888889
5 0.061328125 0.6395833333333333 0.03203125 0.08194444444444444
5 0.03203125 0.63125 0.0265625 0.09027777777777778
5 0.01796875 0.6333333333333333 0.0203125 0.08611111111111111
5 0.040234375 0.5006944444444444 0.02578125 0.09583333333333334
5 0.07421875 0.49722222222222223 0.025 0.08611111111111111
5 0.1125 0.46875 0.0203125 0.09305555555555556
5 0.1859375 0.40347222222222223 0.015625 0.07361111111111111
5 0.166796875 0.3861111111111111 0.01328125 0.075
5 0.1578125 0.3784722222222222 0.01875 0.0763888888888889
