0 0.71953125 0.40694444444444444 0.1375 0.12777777777777777
0 0.9234375 0.5493055555555556 0.121875 0.17083333333333334
5 0.5390625 0.3527777777777778 0.0265625 0.10277777777777777
5 0.5109375 0.32569444444444445 0.021875 0.09861111111111111
5 0.49453125 0.32222222222222224 0.01875 0.09444444444444444
5 0.469140625 0.32430555555555557 0.02109375 0.09305555555555556
5 0.427734375 0.23402777777777778 0.01328125 0.04861111111111111
5 0.425 0.2701388888888889 0.01875 0.05416666666666667
5 0.44453125 0.25972222222222224 0.01875 0.07222222222222222
5 0.4484375 0.2777777777777778 0.015625 0.075
5 0.4671875 0.2673611111111111 0.0265625 0.09027777777777778
5 0.33359375 0.2 0.0140625 0.075
5 0.3078125 0.20833333333333334 0.015625 0.06666666666666667
5 0.318359375 0.20972222222222223 0.00859375 0.07777777777777778
5 0.27265625 0.18958333333333333 0.0125 0.059722222222222225
