0 0.33671875 0.6041666666666666 0.2 0.28055555555555556
0 0.344140625 0.2951388888888889 0.06640625 0.12916666666666668
0 0.382421875 0.13194444444444445 0.03359375 0.04722222222222222
0 0.414453125 0.11180555555555556 0.03046875 0.05138888888888889
0 0.676953125 0.10555555555555556 0.03515625 0.04722222222222222
0 0.375 0.08888888888888889 0.01875 0.022222222222222223
3 0.5 0.24791666666666667 0.1234375 0.3125
3 0.537890625 0.7673611111111112 0.92265625 0.4625
5 0.828125 0.29375 0.0171875 0.06805555555555555
5 0.3109375 0.22152777777777777 0.0171875 0.0625
