5 0.592578125 0.7340277777777777 0.06796875 0.2625
2 0.783984375 0.40625 0.20703125 0.26805555555555555
0 0.29765625 0.29375 0.15 0.12083333333333333
0 0.074609375 0.28680555555555554 0.06640625 0.09027777777777778
0 0.500390625 0.18055555555555555 0.03515625 0.058333333333333334
1 0.4296875 0.1951388888888889 0.1125 0.11527777777777778
0 0.34375 0.10972222222222222 0.0359375 0.03611111111111111
5 0.337890625 0.1798611111111111 0.01796875 0.05138888888888889
5 0.300390625 0.20972222222222223 0.02265625 0.05555555555555555
5 0.273046875 0.2013888888888889 0.01796875 0.05555555555555555
5 0.23359375 0.19722222222222222 0.01875 0.044444444444444446
5 0.178125 0.21041666666666667 0.0140625 0.06527777777777778
5 0.1703125 0.2076388888888889 0.0140625 0.06805555555555555
5 0.0671875 0.21736111111111112 0.0140625 0.05694444444444444
4 0.098828125 0.19722222222222222 0.19765625 0.11944444444444445
3 0.508984375 0.10694444444444444 0.04140625 0.044444444444444446
