0 0.6875 0.775 0.2375 0.2388888888888889
0 0.161328125 0.6770833333333334 0.17109375 0.23472222222222222
0 0.93359375 0.7340277777777777 0.13125 0.29583333333333334
0 0.697265625 0.3770833333333333 0.19609375 0.2152777777777778
0 0.7265625 0.2604166666666667 0.1046875 0.09305555555555556
0 0.50703125 0.14375 0.0671875 0.05694444444444444
0 0.421875 0.12222222222222222 0.04375 0.04722222222222222
0 0.408984375 0.08472222222222223 0.02734375 0.03888888888888889
0 0.67734375 0.10208333333333333 0.04375 0.04861111111111111
3 0.3765625 0.09305555555555556 0.0359375 0.08888888888888889
5 0.88046875 0.31805555555555554 0.0140625 0.075
5 0.903515625 0.33819444444444446 0.01171875 0.09861111111111111
5 0.788671875 0.24444444444444444 0.01171875 0.075
5 0.719921875 0.1798611111111111 0.01640625 0.05138888888888889
5 0.315625 0.2298611111111111 0.0140625 0.07361111111111111
5 0.331640625 0.22083333333333333 0.01640625 0.075
