0 0.95625 0.5736111111111111 0.0859375 0.1527777777777778
0 0.791015625 0.4395833333333333 0.12109375 0.11527777777777778
0 0.62890625 0.3763888888888889 0.1359375 0.12777777777777777
0 0.437109375 0.3104166666666667 0.13515625 0.11527777777777778
0 0.283984375 0.2881944444444444 0.12734375 0.10694444444444444
0 0.152734375 0.2875 0.09609375 0.075
0 0.06328125 0.2833333333333333 0.0734375 0.06666666666666667
0 0.065625 0.25763888888888886 0.065625 0.059722222222222225
0 0.15703125 0.23333333333333334 0.078125 0.058333333333333334
0 0.262890625 0.2388888888888889 0.09140625 0.058333333333333334
0 0.3671875 0.22361111111111112 0.0921875 0.07222222222222222
0 0.507421875 0.1840277777777778 0.02734375 0.04583333333333333
0 0.48828125 0.16111111111111112 0.0234375 0.03888888888888889
0 0.47265625 0.14791666666666667 0.021875 0.04583333333333333
4 0.10703125 0.19652777777777777 0.2140625 0.15694444444444444
0 0.016015625 0.28680555555555554 0.03203125 0.07083333333333333
