0 0.16328125 0.26180555555555557 0.09375 0.1125
0 0.114453125 0.18541666666666667 0.04140625 0.05416666666666667
0 0.02109375 0.3472222222222222 0.0421875 0.1
0 0.0171875 0.2722222222222222 0.034375 0.06944444444444445
0 0.597265625 0.24305555555555555 0.08515625 0.13055555555555556
0 0.5578125 0.15416666666666667 0.0453125 0.06111111111111111
0 0.4578125 0.14305555555555555 0.05625 0.05555555555555555
0 0.452734375 0.10694444444444444 0.07890625 0.08333333333333333
0 0.535546875 0.10208333333333333 0.06484375 0.07083333333333333
0 0.966796875 0.40902777777777777 0.06328125 0.07083333333333333
