5 0.576171875 0.6034722222222222 0.06171875 0.24027777777777778
5 0.714453125 0.575 0.04140625 0.2111111111111111
5 0.825 0.3138888888888889 0.0203125 0.07777777777777778
5 0.85546875 0.33055555555555555 0.0234375 0.09722222222222222
3 0.1609375 0.30972222222222223 0.3203125 0.325
3 0.2 0.11388888888888889 0.0375 0.06388888888888888
0 0.2453125 0.11875 0.0234375 0.02638888888888889
0 0.273828125 0.14097222222222222 0.03671875 0.043055555555555555
0 0.42265625 0.2923611111111111 0.1234375 0.1125
0 0.468359375 0.17569444444444443 0.06796875 0.06527777777777778
0 0.598046875 0.19791666666666666 0.05703125 0.06805555555555555
0 0.58359375 0.1486111111111111 0.0484375 0.04722222222222222
0 0.646484375 0.13472222222222222 0.03984375 0.044444444444444446
0 0.720703125 0.16111111111111112 0.03671875 0.03888888888888889
