0 0.25078125 0.14097222222222222 0.0359375 0.043055555555555555
0 0.31328125 0.13541666666666666 0.0484375 0.05416666666666667
0 0.21796875 0.12708333333333333 0.025 0.03194444444444444
3 0.2671875 0.11041666666666666 0.065625 0.06805555555555555
0 0.03359375 0.6597222222222222 0.0671875 0.23055555555555557
0 0.559375 0.15 0.0609375 0.06388888888888888
0 0.615234375 0.14097222222222222 0.03984375 0.05416666666666667
0 0.65546875 0.13680555555555557 0.03125 0.04027777777777778
0 0.681640625 0.11944444444444445 0.03671875 0.06388888888888888
0 0.96484375 0.49722222222222223 0.06875 0.1527777777777778
5 0.6421875 0.8013888888888889 0.065625 0.21388888888888888
5 0.675 0.6763888888888889 0.0375 0.17222222222222222
5 0.705078125 0.6340277777777777 0.03984375 0.2013888888888889
5 0.23125 0.19444444444444445 0.0171875 0.058333333333333334
5 0.3453125 0.15 0.0140625 0.05555555555555555
0 0.723828125 0.1451388888888889 0.02734375 0.03194444444444444
