0 0.656640625 0.7131944444444445 0.16640625 0.3541666666666667
1 0.80546875 0.5701388888888889 0.1953125 0.43194444444444446
0 0.653125 0.4326388888888889 0.1 0.17083333333333334
0 0.54609375 0.3576388888888889 0.0921875 0.11805555555555555
0 0.461328125 0.31319444444444444 0.06484375 0.08194444444444444
0 0.402734375 0.29375 0.05234375 0.07083333333333333
0 0.337890625 0.2826388888888889 0.04765625 0.05694444444444444
0 0.34921875 0.20347222222222222 0.05 0.04583333333333333
5 0.13359375 0.3347222222222222 0.015625 0.04722222222222222
5 0.117578125 0.3375 0.01796875 0.05555555555555555
0 0.455859375 0.18055555555555555 0.03359375 0.03888888888888889
3 0.6140625 0.1909722222222222 0.040625 0.05694444444444444
