5 0.605078125 0.2951388888888889 0.02421875 0.11805555555555555
0 0.05703125 0.5541666666666667 0.1140625 0.23055555555555557
0 0.2421875 0.25 0.090625 0.10833333333333334
0 0.3390625 0.2875 0.0890625 0.11944444444444445
0 0.40546875 0.16805555555555557 0.05625 0.08333333333333333
0 0.45625 0.1909722222222222 0.053125 0.0763888888888889
0 0.444921875 0.14375 0.03515625 0.05416666666666667
0 0.42109375 0.11805555555555555 0.0328125 0.041666666666666664
0 0.469140625 0.10555555555555556 0.03046875 0.03611111111111111
0 0.501953125 0.13333333333333333 0.02734375 0.044444444444444446
