0 0.38046875 0.10555555555555556 0.028125 0.05277777777777778
0 0.4078125 0.08472222222222223 0.015625 0.03333333333333333
0 0.458984375 0.09652777777777778 0.01796875 0.029166666666666667
0 0.49453125 0.12708333333333333 0.0328125 0.05416666666666667
0 0.34375 0.1597222222222222 0.0359375 0.05
5 0.101953125 0.2826388888888889 0.01328125 0.05416666666666667
5 0.112890625 0.2763888888888889 0.01328125 0.058333333333333334
5 0.1328125 0.26805555555555555 0.0125 0.05555555555555555
5 0.22734375 0.2972222222222222 0.0296875 0.08055555555555556
5 0.253125 0.29444444444444445 0.01875 0.08888888888888889
5 0.175390625 0.2625 0.00859375 0.075
5 0.3109375 0.17152777777777778 0.0078125 0.04861111111111111
5 0.297265625 0.22083333333333333 0.01484375 0.07222222222222222
5 0.280859375 0.24791666666666667 0.01328125 0.08194444444444444
5 0.258984375 0.24791666666666667 0.01796875 0.07916666666666666
5 0.269921875 0.22847222222222222 0.01171875 0.07916666666666666
5 0.217578125 0.24930555555555556 0.02578125 0.06527777777777778
5 0.448046875 0.17222222222222222 0.01484375 0.075
