0 0.648046875 0.4375 0.11171875 0.1638888888888889
0 0.878515625 0.40625 0.06796875 0.09305555555555556
0 0.41640625 0.2965277777777778 0.071875 0.06805555555555555
0 0.310546875 0.2652777777777778 0.04140625 0.03888888888888889
0 0.9390625 0.8805555555555555 0.1203125 0.2361111111111111
0 0.97890625 0.5375 0.040625 0.11388888888888889
0 0.775 0.31319444444444444 0.05625 0.07361111111111111
0 0.709765625 0.2659722222222222 0.03984375 0.04583333333333333
0 0.66875 0.23472222222222222 0.03125 0.03611111111111111
0 0.642578125 0.21388888888888888 0.01796875 0.027777777777777776
0 0.251953125 0.24722222222222223 0.02890625 0.030555555555555555
0 0.363671875 0.20347222222222222 0.03671875 0.03194444444444444
0 0.18203125 0.25555555555555554 0.01875 0.027777777777777776
