5 0.078125 0.7770833333333333 0.065625 0.18472222222222223
5 0.14375 0.6784722222222223 0.059375 0.20416666666666666
5 0.131640625 0.5326388888888889 0.04609375 0.11527777777777778
5 0.115234375 0.5784722222222223 0.03828125 0.11527777777777778
5 0.253125 0.35347222222222224 0.0328125 0.1125
5 0.235546875 0.25833333333333336 0.01796875 0.08055555555555556
5 0.258984375 0.24861111111111112 0.02109375 0.075
5 0.26640625 0.21180555555555555 0.009375 0.0625
5 0.280078125 0.20902777777777778 0.01484375 0.06805555555555555
5 0.136328125 0.2701388888888889 0.01953125 0.06805555555555555
5 0.10859375 0.2763888888888889 0.0203125 0.07222222222222222
5 0.037890625 0.30833333333333335 0.02265625 0.06388888888888888
5 0.34453125 0.14583333333333334 0.0140625 0.06111111111111111
5 0.297265625 0.20625 0.01328125 0.07083333333333333
0 0.494921875 0.125 0.03828125 0.058333333333333334
