0 0.7140625 0.20694444444444443 0.0484375 0.08888888888888889
0 0.2484375 0.19444444444444445 0.08125 0.09444444444444444
0 0.322265625 0.10069444444444445 0.05546875 0.04583333333333333
0 0.546875 0.1076388888888889 0.046875 0.05138888888888889
0 0.75234375 0.14097222222222222 0.0203125 0.03194444444444444
5 0.3765625 0.11458333333333333 0.0109375 0.05138888888888889
5 0.387109375 0.11041666666666666 0.01015625 0.05138888888888889
5 0.394140625 0.11041666666666666 0.00859375 0.05138888888888889
0 0.14140625 0.15 0.040625 0.03888888888888889
0 0.184375 0.13958333333333334 0.0375 0.04861111111111111
0 0.108984375 0.18263888888888888 0.02734375 0.04027777777777778
0 0.08203125 0.17708333333333334 0.0328125 0.04583333333333333
0 0.678125 0.11944444444444445 0.021875 0.03611111111111111
0 0.653125 0.10694444444444444 0.021875 0.041666666666666664
