3 0.3296875 0.48541666666666666 0.2296875 0.2875
3 0.5203125 0.37916666666666665 0.146875 0.18611111111111112
3 0.623046875 0.44166666666666665 0.13046875 0.21944444444444444
0 0.15390625 0.5395833333333333 0.13125 0.11805555555555555
0 0.068359375 0.7625 0.13671875 0.22777777777777777
0 0.0625 0.9097222222222222 0.125 0.175
0 0.191796875 0.6534722222222222 0.14296875 0.1486111111111111
0 0.22890625 0.7680555555555556 0.18125 0.23333333333333334
0 0.375 0.8451388888888889 0.1875 0.25416666666666665
0 0.36484375 0.6409722222222223 0.1265625 0.14305555555555555
0 0.477734375 0.7111111111111111 0.11484375 0.18333333333333332
0 0.548828125 0.9263888888888889 0.18671875 0.14444444444444443
0 0.60234375 0.8479166666666667 0.1296875 0.2263888888888889
0 0.65 0.6840277777777778 0.1078125 0.17083333333333334
0 0.5203125 0.6006944444444444 0.0875 0.14305555555555555
0 0.43125 0.5715277777777777 0.0828125 0.10972222222222222
0 0.483984375 0.5104166666666666 0.08984375 0.09583333333333334
0 0.57734375 0.5513888888888889 0.0734375 0.11666666666666667
0 0.69296875 0.5569444444444445 0.1 0.19166666666666668
0 0.713671875 0.4625 0.04296875 0.075
0 0.727734375 0.4548611111111111 0.04765625 0.08194444444444444
0 0.684375 0.38472222222222224 0.0328125 0.058333333333333334
0 0.73359375 0.4201388888888889 0.0421875 0.0375
0 0.898046875 0.4625 0.05078125 0.08055555555555556
0 0.8109375 0.3770833333333333 0.0359375 0.05138888888888889
0 0.830859375 0.3368055555555556 0.02734375 0.02361111111111111
0 0.8 0.3458333333333333 0.025 0.030555555555555555
0 0.684375 0.28541666666666665 0.0203125 0.03194444444444444
0 0.60859375 0.31875 0.021875 0.03194444444444444
0 0.6296875 0.30486111111111114 0.028125 0.0375
0 0.647265625 0.2951388888888889 0.01640625 0.03194444444444444
0 0.65703125 0.2875 0.0140625 0.030555555555555555
0 0.66953125 0.275 0.0140625 0.03611111111111111
0 0.71875 0.2951388888888889 0.0203125 0.03194444444444444
0 0.6984375 0.37569444444444444 0.0234375 0.04861111111111111
0 0.705078125 0.35138888888888886 0.02109375 0.03888888888888889
0 0.730078125 0.34305555555555556 0.02890625 0.041666666666666664
0 0.713671875 0.32430555555555557 0.02265625 0.02361111111111111
0 0.7359375 0.39305555555555555 0.040625 0.041666666666666664
0 0.82421875 0.3215277777777778 0.021875 0.03194444444444444
0 0.76796875 0.30972222222222223 0.028125 0.03333333333333333
