0 0.956640625 0.5611111111111111 0.08515625 0.17222222222222222
0 0.734375 0.34791666666666665 0.125 0.19027777777777777
0 0.58359375 0.21944444444444444 0.0640625 0.12777777777777777
0 0.5578125 0.15902777777777777 0.034375 0.07083333333333333
0 0.58125 0.12777777777777777 0.034375 0.04722222222222222
0 0.480078125 0.10625 0.05390625 0.0625
0 0.382421875 0.1326388888888889 0.06328125 0.06527777777777778
0 0.336328125 0.17569444444444443 0.07890625 0.07083333333333333
0 0.205859375 0.20902777777777778 0.09296875 0.09027777777777778
0 0.1078125 0.17916666666666667 0.0328125 0.041666666666666664
0 0.2 0.12916666666666668 0.046875 0.044444444444444446
