5 0.340234375 0.11527777777777778 0.01171875 0.05
5 0.243359375 0.18194444444444444 0.02109375 0.058333333333333334
5 0.216015625 0.19930555555555557 0.02265625 0.059722222222222225
5 0.183984375 0.15833333333333333 0.01640625 0.041666666666666664
0 0.226171875 0.29375 0.11953125 0.15694444444444444
0 0.4203125 0.18680555555555556 0.1046875 0.09861111111111111
0 0.306640625 0.13819444444444445 0.04765625 0.043055555555555555
0 0.25625 0.12013888888888889 0.028125 0.0375
0 0.315234375 0.09652777777777778 0.04140625 0.04027777777777778
3 0.20625 0.11041666666666666 0.0421875 0.0625
0 0.52421875 0.16875 0.0625 0.0625
0 0.610546875 0.1375 0.05078125 0.05
0 0.608203125 0.20625 0.06796875 0.06805555555555555
0 0.695703125 0.14444444444444443 0.03359375 0.04722222222222222
0 0.7609375 0.24861111111111112 0.0640625 0.13333333333333333
5 0.8015625 0.24305555555555555 0.0171875 0.05
