0 0.349609375 0.6590277777777778 0.34296875 0.30972222222222223
0 0.573828125 0.28541666666666665 0.13046875 0.12916666666666668
0 0.2453125 0.32569444444444445 0.153125 0.1375
0 0.413671875 0.2111111111111111 0.05703125 0.10555555555555556
0 0.3390625 0.16111111111111112 0.0328125 0.058333333333333334
0 0.4359375 0.12638888888888888 0.040625 0.05
0 0.497265625 0.1284722222222222 0.03515625 0.04583333333333333
0 0.39609375 0.07569444444444444 0.01875 0.02638888888888889
0 0.38359375 0.1111111111111111 0.025 0.044444444444444446
5 0.03984375 0.88125 0.0625 0.15416666666666667
5 0.016015625 0.8895833333333333 0.03203125 0.16527777777777777
5 0.0828125 0.2916666666666667 0.0125 0.075
5 0.09609375 0.2826388888888889 0.0234375 0.07361111111111111
5 0.113671875 0.2708333333333333 0.01484375 0.075
5 0.127734375 0.25763888888888886 0.01328125 0.06805555555555555
5 0.214453125 0.26458333333333334 0.01484375 0.07361111111111111
5 0.227734375 0.2569444444444444 0.00859375 0.08055555555555556
