5 0.502734375 0.28888888888888886 0.02265625 0.07777777777777778
5 0.519140625 0.3104166666666667 0.01328125 0.0625
5 0.533203125 0.28541666666666665 0.02421875 0.09305555555555556
5 0.634765625 0.2 0.01640625 0.06666666666666667
0 0.1859375 0.9340277777777778 0.3453125 0.12916666666666668
0 0.080859375 0.5222222222222223 0.15234375 0.2722222222222222
0 0.35078125 0.17708333333333334 0.05625 0.07916666666666666
0 0.42265625 0.21041666666666667 0.0703125 0.09861111111111111
0 0.493359375 0.14375 0.03828125 0.05138888888888889
0 0.7875 0.35347222222222224 0.134375 0.12361111111111112
0 0.8125 0.2847222222222222 0.0984375 0.1111111111111111
0 0.505078125 0.10833333333333334 0.02421875 0.03888888888888889
