5 0.22734375 0.16527777777777777 0.009375 0.04722222222222222
5 0.644140625 0.6298611111111111 0.04453125 0.2125
5 0.79296875 0.29375 0.025 0.09027777777777778
0 0.1265625 0.5395833333333333 0.1984375 0.27361111111111114
0 0.434765625 0.29097222222222224 0.15703125 0.14305555555555555
2 0.546875 0.15069444444444444 0.05625 0.07916666666666666
0 0.60234375 0.14583333333333334 0.05 0.05
0 0.658984375 0.13472222222222222 0.03984375 0.03611111111111111
0 0.689453125 0.12638888888888888 0.02734375 0.030555555555555555
0 0.265234375 0.14166666666666666 0.04140625 0.041666666666666664
