5 0.433203125 0.8868055555555555 0.08984375 0.22361111111111112
0 0.4046875 0.3909722222222222 0.1859375 0.2152777777777778
5 0.02265625 0.36666666666666664 0.0234375 0.1111111111111111
0 0.628125 0.13402777777777777 0.0578125 0.0763888888888889
0 0.661328125 0.1 0.03828125 0.06388888888888888
0 0.68203125 0.0798611111111111 0.0328125 0.05416666666666667
0 0.6984375 0.07152777777777777 0.0296875 0.06527777777777778
0 0.635546875 0.025694444444444443 0.04140625 0.04027777777777778
4 0.771875 0.06319444444444444 0.0703125 0.07916666666666666
5 0.759375 0.11875 0.0078125 0.06805555555555555
5 0.80234375 0.14097222222222222 0.015625 0.06527777777777778
5 0.832421875 0.15625 0.01484375 0.059722222222222225
5 0.535546875 0.050694444444444445 0.01484375 0.043055555555555555
5 0.007421875 0.34097222222222223 0.01484375 0.08472222222222223
