5 0.0609375 0.8756944444444444 0.0859375 0.20416666666666666
5 0.184375 0.2611111111111111 0.0296875 0.08055555555555556
5 0.21015625 0.25555555555555554 0.0265625 0.08333333333333333
5 0.234765625 0.25416666666666665 0.01953125 0.08333333333333333
5 0.058984375 0.3013888888888889 0.01328125 0.06111111111111111
0 0.392578125 0.23472222222222222 0.07890625 0.125
0 0.414453125 0.17083333333333334 0.04921875 0.07222222222222222
0 0.494140625 0.12569444444444444 0.04140625 0.0625
0 0.555078125 0.3590277777777778 0.19453125 0.1625
0 0.860546875 0.3388888888888889 0.11640625 0.14166666666666666
