0 0.9390625 0.3388888888888889 0.046875 0.07222222222222222
0 0.83671875 0.24930555555555556 0.0453125 0.06527777777777778
5 0.81328125 0.23958333333333334 0.0140625 0.05138888888888889
0 0.50703125 0.10486111111111111 0.046875 0.04583333333333333
0 0.54921875 0.10555555555555556 0.0375 0.041666666666666664
0 0.61015625 0.125 0.0234375 0.041666666666666664
0 0.6390625 0.12222222222222222 0.028125 0.03611111111111111
0 0.6609375 0.11666666666666667 0.0171875 0.030555555555555555
0 0.671875 0.11875 0.015625 0.029166666666666667
0 0.688671875 0.11666666666666667 0.01328125 0.03611111111111111
0 0.76484375 0.14166666666666666 0.015625 0.022222222222222223
0 0.701953125 0.11666666666666667 0.01796875 0.025
0 0.195703125 0.15208333333333332 0.04140625 0.05416666666666667
0 0.22109375 0.1326388888888889 0.0421875 0.04861111111111111
0 0.116796875 0.17708333333333334 0.03828125 0.059722222222222225
0 0.15703125 0.13541666666666666 0.0328125 0.04861111111111111
0 0.08046875 0.20625 0.040625 0.04583333333333333
1 0.066015625 0.15555555555555556 0.08828125 0.08888888888888889
