0 0.318359375 0.5263888888888889 0.18984375 0.2222222222222222
0 0.53515625 0.17291666666666666 0.071875 0.08194444444444444
0 0.448828125 0.09930555555555555 0.03515625 0.043055555555555555
0 0.65625 0.13472222222222222 0.075 0.06111111111111111
0 0.8171875 0.4215277777777778 0.1578125 0.1486111111111111
0 0.823828125 0.7270833333333333 0.18828125 0.20694444444444443
0 0.965234375 0.7652777777777777 0.06796875 0.19722222222222222
0 0.911328125 0.39305555555555555 0.10703125 0.1
3 0.425390625 0.04097222222222222 0.02578125 0.05138888888888889
5 0.9125 0.33402777777777776 0.0203125 0.08472222222222223
5 0.594921875 0.11458333333333333 0.01953125 0.05694444444444444
