0 0.375 0.11944444444444445 0.034375 0.05
0 0.41015625 0.09305555555555556 0.0296875 0.05555555555555555
0 0.45234375 0.09375 0.0265625 0.04583333333333333
0 0.437109375 0.07083333333333333 0.01796875 0.030555555555555555
0 0.516796875 0.15694444444444444 0.05390625 0.07222222222222222
0 0.69921875 0.12361111111111112 0.0421875 0.04722222222222222
0 0.75859375 0.29930555555555555 0.1078125 0.1125
0 0.95 0.7388888888888889 0.0984375 0.23055555555555557
0 0.731640625 0.7986111111111112 0.27421875 0.29444444444444445
0 0.475 0.4409722222222222 0.1703125 0.15138888888888888
0 0.10625 0.7111111111111111 0.1328125 0.23333333333333334
3 0.966796875 0.5111111111111111 0.06484375 0.24166666666666667
5 0.912109375 0.3402777777777778 0.01796875 0.09166666666666666
5 0.314453125 0.27847222222222223 0.02109375 0.0875
5 0.1453125 0.2659722222222222 0.0171875 0.0625
0 0.344140625 0.9145833333333333 0.26015625 0.16805555555555557
5 0.8859375 0.32916666666666666 0.01875 0.07222222222222222
