2 0.296875 0.15347222222222223 0.0828125 0.09305555555555556
0 0.387109375 0.13472222222222222 0.07578125 0.06666666666666667
0 0.44375 0.13194444444444445 0.0625 0.06388888888888888
0 0.578125 0.21736111111111112 0.1125 0.10138888888888889
0 0.740234375 0.1638888888888889 0.03671875 0.05277777777777778
0 0.7734375 0.17847222222222223 0.0421875 0.0625
0 0.8515625 0.18680555555555556 0.0375 0.04583333333333333
0 0.870703125 0.15347222222222223 0.03671875 0.04583333333333333
0 0.12265625 0.19930555555555557 0.0609375 0.06527777777777778
0 0.0703125 0.20069444444444445 0.04375 0.05416666666666667
0 0.19140625 0.11597222222222223 0.040625 0.04027777777777778
5 0.259765625 0.3284722222222222 0.03046875 0.12638888888888888
