1 0.622265625 0.2590277777777778 0.33046875 0.26805555555555555
0 0.678125 0.4777777777777778 0.184375 0.20555555555555555
0 0.17578125 0.22916666666666666 0.0765625 0.10277777777777777
0 0.245703125 0.21666666666666667 0.06484375 0.06944444444444445
0 0.2765625 0.14583333333333334 0.0578125 0.058333333333333334
0 0.42890625 0.13194444444444445 0.1203125 0.10555555555555556
0 0.078125 0.16041666666666668 0.040625 0.059722222222222225
0 0.957421875 0.3798611111111111 0.06484375 0.07916666666666666
0 0.554296875 0.09444444444444444 0.03515625 0.044444444444444446
0 0.598828125 0.10833333333333334 0.03515625 0.058333333333333334
0 0.64140625 0.10625 0.03125 0.06527777777777778
0 0.675390625 0.09930555555555555 0.03515625 0.05138888888888889
