0 0.35703125 0.6548611111111111 0.1328125 0.17083333333333334
0 0.584765625 0.5347222222222222 0.09296875 0.10833333333333334
0 0.54921875 0.3527777777777778 0.0453125 0.05
0 0.716015625 0.4340277777777778 0.05234375 0.09305555555555556
0 0.65625 0.2902777777777778 0.028125 0.044444444444444446
0 0.56875 0.8722222222222222 0.1515625 0.25277777777777777
0 0.09140625 0.8861111111111111 0.1828125 0.225
0 0.2609375 0.9208333333333333 0.2109375 0.15555555555555556
0 0.82265625 0.3298611111111111 0.0171875 0.04027777777777778
0 0.778125 0.3104166666666667 0.0234375 0.04027777777777778
0 0.753515625 0.27291666666666664 0.01015625 0.029166666666666667
0 0.721875 0.25833333333333336 0.015625 0.025
