0 0.31328125 0.20902777777777778 0.0859375 0.09305555555555556
0 0.213671875 0.1326388888888889 0.04296875 0.0625
0 0.2328125 0.09652777777777778 0.0296875 0.0375
0 0.34609375 0.11736111111111111 0.0484375 0.06805555555555555
0 0.419140625 0.15833333333333333 0.04140625 0.06666666666666667
0 0.083203125 0.20416666666666666 0.03984375 0.05277777777777778
0 0.112109375 0.17847222222222223 0.03203125 0.05416666666666667
1 0.119140625 0.125 0.07890625 0.08333333333333333
0 0.176171875 0.14583333333333334 0.03203125 0.05
0 0.553125 0.10208333333333333 0.034375 0.0375
0 0.58046875 0.11527777777777778 0.0359375 0.03611111111111111
0 0.612109375 0.11875 0.02578125 0.0375
0 0.64296875 0.11736111111111111 0.0296875 0.034722222222222224
0 0.976953125 0.41944444444444445 0.04453125 0.07222222222222222
0 0.946484375 0.37222222222222223 0.05234375 0.06111111111111111
0 0.959765625 0.3451388888888889 0.07890625 0.08472222222222223
