0 0.634375 0.3909722222222222 0.146875 0.22361111111111112
0 0.824609375 0.7159722222222222 0.17578125 0.3125
0 0.661328125 0.6645833333333333 0.15078125 0.29583333333333334
5 0.0984375 0.7701388888888889 0.046875 0.15694444444444444
5 0.1546875 0.6923611111111111 0.0484375 0.1597222222222222
5 0.22734375 0.7326388888888888 0.05 0.1875
5 0.227734375 0.6270833333333333 0.03984375 0.15416666666666667
5 0.258984375 0.5611111111111111 0.02734375 0.10833333333333334
5 0.265625 0.5256944444444445 0.0328125 0.12638888888888888
5 0.174609375 0.4597222222222222 0.02578125 0.10277777777777777
5 0.141015625 0.4479166666666667 0.02578125 0.09861111111111111
0 0.6484375 0.225 0.025 0.041666666666666664
0 0.629296875 0.20625 0.01796875 0.03194444444444444
0 0.618359375 0.18611111111111112 0.01640625 0.027777777777777776
0 0.3484375 0.2013888888888889 0.0421875 0.044444444444444446
