0 0.237890625 0.13055555555555556 0.03359375 0.044444444444444446
0 0.272265625 0.14722222222222223 0.03828125 0.044444444444444446
0 0.337890625 0.17291666666666666 0.05546875 0.059722222222222225
0 0.30234375 0.1326388888888889 0.0421875 0.05138888888888889
0 0.384765625 0.15486111111111112 0.06640625 0.0625
0 0.6515625 0.13055555555555556 0.040625 0.041666666666666664
0 0.680859375 0.15694444444444444 0.03359375 0.03888888888888889
0 0.66796875 0.2652777777777778 0.0828125 0.1
5 0.81640625 0.3125 0.0234375 0.09444444444444444
5 0.221484375 0.30277777777777776 0.01796875 0.06666666666666667
5 0.2328125 0.28402777777777777 0.0203125 0.09305555555555556
5 0.248828125 0.26944444444444443 0.01796875 0.09444444444444444
5 0.267578125 0.2722222222222222 0.01640625 0.08611111111111111
