5 0.21796875 0.29583333333333334 0.025 0.09722222222222222
5 0.222265625 0.2513888888888889 0.01796875 0.07222222222222222
0 0.209765625 0.12291666666666666 0.02265625 0.029166666666666667
0 0.279296875 0.1486111111111111 0.03828125 0.05
0 0.24453125 0.13125 0.0328125 0.05138888888888889
0 0.223828125 0.1284722222222222 0.02109375 0.0375
0 0.34453125 0.14722222222222223 0.05 0.058333333333333334
0 0.315625 0.08611111111111111 0.05 0.04722222222222222
0 0.653125 0.24722222222222223 0.06875 0.08888888888888889
0 0.66328125 0.16944444444444445 0.0421875 0.05277777777777778
0 0.886328125 0.4354166666666667 0.16015625 0.15416666666666667
5 0.78359375 0.2375 0.01875 0.06388888888888888
