0 0.72265625 0.5215277777777778 0.203125 0.29305555555555557
5 0.74375 0.9388888888888889 0.0734375 0.11944444444444445
3 0.82890625 0.10972222222222222 0.0515625 0.1111111111111111
5 0.58359375 0.06875 0.0125 0.04861111111111111
5 0.989453125 0.2826388888888889 0.01640625 0.06527777777777778
5 0.9609375 0.19375 0.015625 0.05138888888888889
5 0.926953125 0.15 0.00703125 0.030555555555555555
5 0.9109375 0.12777777777777777 0.0125 0.03333333333333333
0 0.743359375 0.04791666666666667 0.02890625 0.03194444444444444
3 0.691015625 0.022222222222222223 0.06796875 0.044444444444444446
