0 0.6515625 0.35625 0.128125 0.10972222222222222
0 0.46328125 0.3173611111111111 0.1375 0.11527777777777778
1 0.23515625 0.25 0.2015625 0.17777777777777778
0 0.073046875 0.2743055555555556 0.09296875 0.06805555555555555
0 0.468359375 0.21736111111111112 0.06484375 0.06805555555555555
0 0.503125 0.18611111111111112 0.028125 0.03611111111111111
0 0.485546875 0.15694444444444444 0.03515625 0.058333333333333334
4 0.15390625 0.16944444444444445 0.240625 0.11666666666666667
3 0.92265625 0.5145833333333333 0.153125 0.3263888888888889
0 0.462109375 0.1375 0.02109375 0.03888888888888889
