0 0.961328125 0.5048611111111111 0.07578125 0.14027777777777778
0 0.784375 0.3215277777777778 0.053125 0.07361111111111111
0 0.704296875 0.2625 0.03515625 0.04722222222222222
0 0.668359375 0.23472222222222222 0.02734375 0.03611111111111111
0 0.701171875 0.22777777777777777 0.02265625 0.030555555555555555
0 0.623828125 0.20416666666666666 0.01796875 0.022222222222222223
3 0.599609375 0.18194444444444444 0.02890625 0.041666666666666664
0 0.255859375 0.2875 0.05390625 0.04722222222222222
0 0.209765625 0.2548611111111111 0.03046875 0.03194444444444444
4 0.276171875 0.21319444444444444 0.12734375 0.06527777777777778
3 0.373046875 0.1951388888888889 0.07265625 0.059722222222222225
5 0.068359375 0.6854166666666667 0.02265625 0.10972222222222222
5 0.0953125 0.6819444444444445 0.028125 0.11944444444444445
5 0.139453125 0.5236111111111111 0.02265625 0.10277777777777777
5 0.167578125 0.39652777777777776 0.00859375 0.059722222222222225
5 0.19296875 0.41180555555555554 0.0109375 0.0763888888888889
5 0.17890625 0.4173611111111111 0.0140625 0.07361111111111111
