2 0.80546875 0.29791666666666666 0.34375 0.22083333333333333
4 0.114453125 0.18541666666666667 0.22265625 0.12083333333333333
4 0.885546875 0.32569444444444445 0.22734375 0.20416666666666666
0 0.057421875 0.27847222222222223 0.07421875 0.07361111111111111
0 0.25 0.23680555555555555 0.1015625 0.09027777777777778
0 0.3875 0.29791666666666666 0.140625 0.10138888888888889
5 0.312890625 0.19722222222222222 0.01796875 0.06111111111111111
5 0.41953125 0.225 0.0234375 0.058333333333333334
0 0.49609375 0.2 0.0421875 0.06666666666666667
0 0.491796875 0.16180555555555556 0.03046875 0.05138888888888889
