0 0.5828125 0.12916666666666668 0.06875 0.058333333333333334
0 0.555078125 0.2826388888888889 0.09453125 0.12083333333333333
0 0.30546875 0.39444444444444443 0.103125 0.18055555555555555
0 0.3859375 0.2152777777777778 0.04375 0.08611111111111111
0 0.428515625 0.13333333333333333 0.03984375 0.05277777777777778
0 0.471875 0.11527777777777778 0.046875 0.05555555555555555
0 0.37578125 0.12291666666666666 0.028125 0.043055555555555555
0 0.40859375 0.09236111111111112 0.0203125 0.03194444444444444
0 0.376953125 0.09097222222222222 0.02109375 0.02638888888888889
0 0.403125 0.0625 0.015625 0.03333333333333333
0 0.4265625 0.05138888888888889 0.015625 0.03333333333333333
0 0.4765625 0.050694444444444445 0.0171875 0.03194444444444444
0 0.7203125 0.11458333333333333 0.0375 0.05416666666666667
0 0.10703125 0.45208333333333334 0.1 0.15138888888888888
5 0.084765625 0.5055555555555555 0.02578125 0.08611111111111111
5 0.10703125 0.49236111111111114 0.025 0.10416666666666667
5 0.720703125 0.19375 0.01953125 0.05138888888888889
5 0.808984375 0.23680555555555555 0.02265625 0.09027777777777778
