0 0.09140625 0.7354166666666667 0.1453125 0.2263888888888889
0 0.6703125 0.8319444444444445 0.2546875 0.26944444444444443
0 0.58046875 0.21805555555555556 0.0953125 0.1
0 0.692578125 0.17083333333333334 0.05078125 0.058333333333333334
0 0.49296875 0.13680555555555557 0.0453125 0.05138888888888889
0 0.377734375 0.11666666666666667 0.02578125 0.030555555555555555
0 0.37734375 0.09861111111111111 0.021875 0.027777777777777776
0 0.377734375 0.0763888888888889 0.01796875 0.022222222222222223
0 0.41328125 0.10277777777777777 0.025 0.03611111111111111
0 0.410546875 0.08541666666666667 0.02109375 0.020833333333333332
0 0.40390625 0.075 0.0203125 0.03333333333333333
3 0.4171875 0.025694444444444443 0.0203125 0.03194444444444444
5 0.842578125 0.2847222222222222 0.01171875 0.06388888888888888
5 0.828125 0.2722222222222222 0.0125 0.06388888888888888
5 0.305859375 0.2777777777777778 0.01328125 0.07222222222222222
5 0.316015625 0.2388888888888889 0.01328125 0.06388888888888888
