0 0.828515625 0.6694444444444444 0.15078125 0.26666666666666666
0 0.615234375 0.3902777777777778 0.10234375 0.13055555555555556
0 0.506640625 0.3347222222222222 0.08359375 0.08055555555555556
0 0.408984375 0.29930555555555555 0.06171875 0.059722222222222225
0 0.339453125 0.2743055555555556 0.04609375 0.04861111111111111
0 0.510546875 0.24305555555555555 0.05859375 0.03888888888888889
0 0.296875 0.2548611111111111 0.0328125 0.04027777777777778
0 0.389453125 0.3993055555555556 0.06015625 0.10416666666666667
0 0.289453125 0.49583333333333335 0.12578125 0.1638888888888889
0 0.361328125 0.2048611111111111 0.03046875 0.029166666666666667
0 0.26953125 0.2590277777777778 0.028125 0.03194444444444444
0 0.18984375 0.2548611111111111 0.01875 0.020833333333333332
0 0.251171875 0.25416666666666665 0.02265625 0.030555555555555555
5 0.070703125 0.6 0.03046875 0.10833333333333334
5 0.1125 0.5791666666666667 0.028125 0.12222222222222222
5 0.133984375 0.5590277777777778 0.02265625 0.10694444444444444
5 0.157421875 0.5444444444444444 0.02578125 0.10833333333333334
5 0.16015625 0.4527777777777778 0.015625 0.08611111111111111
5 0.188671875 0.4222222222222222 0.02109375 0.075
5 0.17109375 0.4222222222222222 0.01875 0.08333333333333333
5 0.1328125 0.4152777777777778 0.0140625 0.06388888888888888
5 0.14140625 0.36527777777777776 0.0140625 0.05
5 0.158984375 0.39375 0.01640625 0.06527777777777778
5 0.186328125 0.3645833333333333 0.01328125 0.06527777777777778
5 0.168359375 0.3736111111111111 0.01640625 0.05555555555555555
4 0.68515625 0.28055555555555556 0.1515625 0.2222222222222222
3 0.34140625 0.20069444444444445 0.0875 0.04583333333333333
