0 0.291796875 0.43819444444444444 0.11484375 0.18194444444444444
0 0.855078125 0.5534722222222223 0.15390625 0.2263888888888889
0 0.4765625 0.21041666666666667 0.0609375 0.09583333333333334
0 0.3765625 0.2222222222222222 0.046875 0.09444444444444444
0 0.419921875 0.12152777777777778 0.03515625 0.05138888888888889
0 0.672265625 0.11805555555555555 0.05390625 0.06388888888888888
3 0.379296875 0.10833333333333334 0.04609375 0.10277777777777777
5 0.18671875 0.3347222222222222 0.0203125 0.075
5 0.753125 0.19791666666666666 0.01875 0.0625
5 0.771484375 0.19375 0.01484375 0.05416666666666667
