0 0.288671875 0.21458333333333332 0.10859375 0.09861111111111111
0 0.12109375 0.18472222222222223 0.040625 0.05555555555555555
1 0.069140625 0.18055555555555555 0.05390625 0.10833333333333334
1 0.035546875 0.1638888888888889 0.03515625 0.06666666666666667
3 0.148828125 0.10625 0.04609375 0.05138888888888889
0 0.198046875 0.1388888888888889 0.03984375 0.041666666666666664
0 0.193359375 0.10277777777777777 0.03046875 0.03611111111111111
5 0.03203125 0.3659722222222222 0.0265625 0.10138888888888889
0 0.544921875 0.10347222222222222 0.03671875 0.04583333333333333
0 0.580859375 0.11319444444444444 0.02265625 0.0375
0 0.61015625 0.12569444444444444 0.028125 0.04583333333333333
0 0.583203125 0.10277777777777777 0.02890625 0.03611111111111111
0 0.639453125 0.12430555555555556 0.02734375 0.03194444444444444
0 0.616015625 0.10138888888888889 0.02734375 0.03611111111111111
0 0.658984375 0.12013888888888889 0.02265625 0.03194444444444444
0 0.676953125 0.11944444444444445 0.01796875 0.03611111111111111
0 0.690625 0.11458333333333333 0.0171875 0.03194444444444444
0 0.70234375 0.11597222222222223 0.015625 0.029166666666666667
