0 0.23359375 0.13055555555555556 0.053125 0.06388888888888888
0 0.267578125 0.14930555555555555 0.03359375 0.04861111111111111
0 0.309765625 0.13472222222222222 0.04140625 0.04722222222222222
0 0.294921875 0.09027777777777778 0.03671875 0.03888888888888889
0 0.476171875 0.16597222222222222 0.08046875 0.07916666666666666
0 0.591796875 0.1951388888888889 0.06171875 0.07083333333333333
0 0.598828125 0.14305555555555555 0.04453125 0.05277777777777778
0 0.691796875 0.1527777777777778 0.03359375 0.05277777777777778
0 0.761328125 0.14652777777777778 0.02421875 0.04027777777777778
0 0.153125 0.33819444444444446 0.1265625 0.1597222222222222
0 0.1390625 0.5298611111111111 0.1984375 0.25972222222222224
