0 0.134765625 0.28680555555555554 0.12265625 0.17083333333333334
0 0.37109375 0.42986111111111114 0.21875 0.2625
0 0.476953125 0.08333333333333333 0.08671875 0.10277777777777777
0 0.616796875 0.15902777777777777 0.07109375 0.09583333333333334
5 0.586328125 0.06319444444444444 0.01484375 0.04861111111111111
5 0.42421875 0.05555555555555555 0.0109375 0.04722222222222222
5 0.440234375 0.029861111111111113 0.01328125 0.043055555555555555
5 0.4875 0.02638888888888889 0.0109375 0.03611111111111111
5 0.045703125 0.21736111111111112 0.01484375 0.04861111111111111
5 0.05390625 0.2125 0.0109375 0.05277777777777778
0 0.71640625 0.059027777777777776 0.03125 0.043055555555555555
5 0.97734375 0.22569444444444445 0.0203125 0.07083333333333333
