0 0.378515625 0.41944444444444445 0.18046875 0.20277777777777778
2 0.178125 0.7965277777777777 0.35625 0.4041666666666667
0 0.64609375 0.1986111111111111 0.065625 0.08055555555555556
2 0.447265625 0.58125 0.35078125 0.4625
0 0.207421875 0.13680555555555557 0.04921875 0.04861111111111111
0 0.459765625 0.12222222222222222 0.06328125 0.05555555555555555
0 0.470703125 0.08819444444444445 0.05078125 0.05138888888888889
0 0.57890625 0.11041666666666666 0.040625 0.05416666666666667
0 0.60859375 0.12569444444444444 0.03125 0.04027777777777778
0 0.09453125 0.17847222222222223 0.0375 0.05416666666666667
0 0.029296875 0.24375 0.04140625 0.0875
0 0.937109375 0.3388888888888889 0.05546875 0.05555555555555555
0 0.9703125 0.41805555555555557 0.0578125 0.08333333333333333
0 0.696484375 0.25763888888888886 0.06953125 0.0763888888888889
