3 0.216015625 0.25833333333333336 0.07421875 0.08055555555555556
0 0.416015625 0.2923611111111111 0.05390625 0.07083333333333333
0 0.491015625 0.3229166666666667 0.07578125 0.10138888888888889
0 0.56875 0.36180555555555555 0.0765625 0.12083333333333333
0 0.651953125 0.44166666666666665 0.10390625 0.1527777777777778
0 0.765625 0.5923611111111111 0.153125 0.23472222222222222
0 0.301953125 0.4798611111111111 0.12578125 0.15416666666666667
5 0.288671875 0.3541666666666667 0.02421875 0.06666666666666667
5 0.191015625 0.6770833333333334 0.03515625 0.13194444444444445
5 0.21796875 0.6375 0.0421875 0.125
5 0.2515625 0.6576388888888889 0.0484375 0.14583333333333334
5 0.291015625 0.6222222222222222 0.05859375 0.12222222222222222
