0 0.117578125 0.29583333333333334 0.13515625 0.19722222222222222
0 0.20234375 0.6652777777777777 0.2625 0.35555555555555557
0 0.6359375 0.14791666666666667 0.0625 0.09305555555555556
0 0.684765625 0.08958333333333333 0.03984375 0.05416666666666667
0 0.833984375 0.10902777777777778 0.02890625 0.04027777777777778
0 0.406640625 0.12083333333333333 0.09296875 0.125
0 0.357421875 0.11944444444444445 0.08984375 0.09444444444444444
0 0.5296875 0.07569444444444444 0.0671875 0.04861111111111111
5 0.91640625 0.1388888888888889 0.0109375 0.041666666666666664
0 0.726953125 0.05555555555555555 0.02734375 0.03333333333333333
3 0.63984375 0.02361111111111111 0.053125 0.04722222222222222
