5 0.15703125 0.5791666666666667 0.0296875 0.12222222222222222
5 0.144140625 0.5256944444444445 0.02890625 0.10416666666666667
5 0.11796875 0.5506944444444445 0.0328125 0.11805555555555555
5 0.091015625 0.5597222222222222 0.02890625 0.11666666666666667
5 0.139453125 0.34305555555555556 0.01796875 0.06388888888888888
0 0.293359375 0.2638888888888889 0.03203125 0.044444444444444446
0 0.34453125 0.26666666666666666 0.0546875 0.058333333333333334
0 0.401953125 0.28958333333333336 0.05859375 0.06527777777777778
0 0.468359375 0.30972222222222223 0.07890625 0.075
0 0.552734375 0.35208333333333336 0.09140625 0.0875
0 0.65625 0.4361111111111111 0.1125 0.1638888888888889
0 0.81015625 0.6965277777777777 0.1640625 0.2902777777777778
