2 0.17265625 0.37083333333333335 0.1140625 0.13333333333333333
0 0.053515625 0.5222222222222223 0.08984375 0.1638888888888889
5 0.31796875 0.18958333333333333 0.0234375 0.059722222222222225
5 0.344140625 0.24097222222222223 0.02265625 0.0763888888888889
5 0.737890625 0.2111111111111111 0.02109375 0.08333333333333333
0 0.458203125 0.18472222222222223 0.06171875 0.10833333333333334
0 0.374609375 0.1284722222222222 0.03046875 0.059722222222222225
0 0.419921875 0.11041666666666666 0.03046875 0.05416666666666667
0 0.60546875 0.12638888888888888 0.071875 0.06944444444444445
0 0.718359375 0.09722222222222222 0.06328125 0.05555555555555555
