4 0.717578125 0.2798611111111111 0.17578125 0.2013888888888889
0 0.2421875 0.26666666666666666 0.03125 0.041666666666666664
5 0.140234375 0.37430555555555556 0.00859375 0.05416666666666667
5 0.15234375 0.3840277777777778 0.0140625 0.059722222222222225
5 0.1703125 0.3347222222222222 0.0140625 0.058333333333333334
5 0.1546875 0.3111111111111111 0.0125 0.03611111111111111
5 0.146875 0.3368055555555556 0.0109375 0.04027777777777778
5 0.136328125 0.33819444444444446 0.01015625 0.04583333333333333
0 0.31796875 0.2076388888888889 0.03125 0.029166666666666667
0 0.484375 0.17777777777777778 0.0328125 0.025
