2 0.21015625 0.5777777777777777 0.2171875 0.3527777777777778
0 0.555859375 0.17916666666666667 0.08359375 0.08055555555555556
0 0.7234375 0.44166666666666665 0.175 0.18888888888888888
0 0.88671875 0.4041666666666667 0.1015625 0.14444444444444443
0 0.96015625 0.5388888888888889 0.078125 0.15555555555555556
0 0.374609375 0.12569444444444444 0.03046875 0.05416666666666667
0 0.414453125 0.10694444444444444 0.03359375 0.05555555555555555
0 0.45703125 0.08680555555555555 0.0234375 0.04861111111111111
0 0.055078125 0.5152777777777777 0.09765625 0.14444444444444443
0 0.6515625 0.8743055555555556 0.2984375 0.24861111111111112
0 0.68671875 0.12430555555555556 0.053125 0.05416666666666667
0 0.717578125 0.10138888888888889 0.04921875 0.05555555555555555
5 0.962109375 0.3701388888888889 0.01796875 0.06805555555555555
5 0.86171875 0.3076388888888889 0.0171875 0.09027777777777778
