0 0.137890625 0.2743055555555556 0.11328125 0.0625
0 0.385546875 0.40902777777777777 0.19453125 0.20416666666666666
0 0.44296875 0.11319444444444444 0.0828125 0.08194444444444444
0 0.1515625 0.32430555555555557 0.1109375 0.08472222222222223
0 0.474609375 0.06527777777777778 0.05546875 0.05555555555555555
0 0.584375 0.03611111111111111 0.0546875 0.05555555555555555
0 0.751953125 0.19236111111111112 0.06328125 0.09583333333333334
5 0.692578125 0.07777777777777778 0.03515625 0.05277777777777778
5 0.046875 0.1673611111111111 0.0140625 0.043055555555555555
5 0.0484375 0.42777777777777776 0.028125 0.10833333333333334
5 0.974609375 0.32013888888888886 0.01484375 0.09027777777777778
5 0.988671875 0.3326388888888889 0.01484375 0.08194444444444444
5 0.958984375 0.24444444444444444 0.01171875 0.075
5 0.97265625 0.25 0.0140625 0.05
0 0.715234375 0.05555555555555555 0.02734375 0.044444444444444446
0 0.6484375 0.024305555555555556 0.0265625 0.03194444444444444
5 0.1640625 0.10833333333333334 0.009375 0.03888888888888889
