5 0.4546875 0.23541666666666666 0.0171875 0.0763888888888889
5 0.5453125 0.25277777777777777 0.0171875 0.058333333333333334
0 0.04375 0.2548611111111111 0.0640625 0.08472222222222223
0 0.130859375 0.2520833333333333 0.08828125 0.08194444444444444
0 0.294921875 0.2951388888888889 0.13359375 0.09027777777777778
0 0.37109375 0.22569444444444445 0.0890625 0.06527777777777778
0 0.474609375 0.3173611111111111 0.16640625 0.12638888888888888
0 0.50078125 0.19236111111111112 0.03125 0.05694444444444444
0 0.486328125 0.15555555555555556 0.03046875 0.04722222222222222
0 0.449609375 0.12777777777777777 0.02421875 0.030555555555555555
