5 0.17578125 0.26875 0.0171875 0.0625
5 0.19765625 0.2590277777777778 0.0140625 0.07083333333333333
5 0.2140625 0.25625 0.0140625 0.0763888888888889
5 0.23046875 0.22708333333333333 0.0203125 0.0763888888888889
0 0.78984375 0.3423611111111111 0.134375 0.13472222222222222
0 0.3 0.1326388888888889 0.040625 0.05138888888888889
0 0.27265625 0.12638888888888888 0.03125 0.03888888888888889
0 0.208984375 0.12569444444444444 0.02421875 0.03194444444444444
0 0.2265625 0.11388888888888889 0.025 0.030555555555555555
5 0.197265625 0.14652777777777778 0.01171875 0.043055555555555555
