5 0.19140625 0.4534722222222222 0.028125 0.1125
5 0.173046875 0.4625 0.02421875 0.10833333333333334
5 0.1640625 0.3972222222222222 0.0203125 0.04722222222222222
3 0.361328125 0.31319444444444444 0.13671875 0.1763888888888889
0 0.238671875 0.27569444444444446 0.04296875 0.05694444444444444
0 0.49375 0.33402777777777776 0.0875 0.08472222222222223
0 0.896484375 0.4152777777777778 0.08828125 0.11388888888888889
0 0.704296875 0.5041666666666667 0.14453125 0.19444444444444445
0 0.919921875 0.8604166666666667 0.15859375 0.2763888888888889
0 0.13125 0.6569444444444444 0.171875 0.26666666666666666
