0 0.323046875 0.10069444444444445 0.04921875 0.0375
0 0.29765625 0.19305555555555556 0.0640625 0.11388888888888889
0 0.595703125 0.14722222222222223 0.05078125 0.05
0 0.638671875 0.13333333333333333 0.04140625 0.05
0 0.676953125 0.14652777777777778 0.03984375 0.04861111111111111
0 0.701953125 0.175 0.03671875 0.058333333333333334
5 0.816796875 0.30833333333333335 0.02421875 0.10833333333333334
5 0.794140625 0.17222222222222222 0.01328125 0.03888888888888889
5 0.806640625 0.17708333333333334 0.01015625 0.04027777777777778
5 0.851171875 0.4736111111111111 0.03671875 0.1527777777777778
0 0.25 0.12013888888888889 0.03125 0.04027777777777778
