0 0.307421875 0.8 0.32265625 0.3972222222222222
0 0.30078125 0.4576388888888889 0.334375 0.3597222222222222
0 0.2796875 0.18611111111111112 0.09375 0.10555555555555556
1 0.41875 0.10138888888888889 0.128125 0.10833333333333334
0 0.113671875 0.17222222222222222 0.03671875 0.06944444444444445
0 0.080078125 0.20208333333333334 0.03359375 0.04027777777777778
0 0.028125 0.24444444444444444 0.03125 0.08333333333333333
0 0.523828125 0.12638888888888888 0.05078125 0.058333333333333334
0 0.5515625 0.09652777777777778 0.0453125 0.04861111111111111
0 0.603125 0.11944444444444445 0.03125 0.041666666666666664
0 0.64296875 0.11666666666666667 0.03125 0.044444444444444446
0 0.966015625 0.41041666666666665 0.06640625 0.12916666666666668
