5 0.601953125 0.9284722222222223 0.05703125 0.14027777777777778
0 0.43671875 0.38263888888888886 0.146875 0.20972222222222223
0 0.20859375 0.13472222222222222 0.04375 0.04722222222222222
0 0.955859375 0.38055555555555554 0.05078125 0.07777777777777778
0 0.939453125 0.3388888888888889 0.05234375 0.075
0 0.590234375 0.13541666666666666 0.03828125 0.05416666666666667
0 0.7484375 0.16597222222222222 0.0171875 0.0375
0 0.7375 0.13472222222222222 0.01875 0.025
0 0.62265625 0.12430555555555556 0.028125 0.04583333333333333
0 0.65 0.12361111111111112 0.025 0.027777777777777776
0 0.665625 0.12083333333333333 0.021875 0.027777777777777776
0 0.682421875 0.12083333333333333 0.01796875 0.025
3 0.025 0.2590277777777778 0.05 0.1763888888888889
3 0.31875 0.27708333333333335 0.34375 0.31527777777777777
1 0.584765625 0.10069444444444445 0.05390625 0.0763888888888889
1 0.56953125 0.08194444444444444 0.096875 0.08611111111111111
