5 0.1890625 0.5465277777777777 0.0375 0.12361111111111112
0 0.43046875 0.24027777777777778 0.05625 0.05555555555555555
0 0.21171875 0.25763888888888886 0.0359375 0.043055555555555555
0 0.594921875 0.18819444444444444 0.03828125 0.043055555555555555
3 0.44921875 0.17430555555555555 0.0640625 0.04027777777777778
5 0.12578125 0.44583333333333336 0.0234375 0.08055555555555556
5 0.146484375 0.40555555555555556 0.02265625 0.09722222222222222
5 0.15546875 0.3284722222222222 0.0171875 0.06805555555555555
5 0.133984375 0.34305555555555556 0.01484375 0.06111111111111111
5 0.122265625 0.32708333333333334 0.01015625 0.043055555555555555
