5 0.079296875 0.6743055555555556 0.03828125 0.1375
5 0.1328125 0.5555555555555556 0.03125 0.1111111111111111
5 0.04453125 0.5354166666666667 0.0265625 0.08472222222222223
5 0.15 0.37430555555555556 0.015625 0.06527777777777778
5 0.184375 0.375 0.0171875 0.058333333333333334
5 0.216796875 0.3611111111111111 0.01796875 0.07222222222222222
3 0.300390625 0.2743055555555556 0.14296875 0.11527777777777778
3 0.61796875 0.6305555555555555 0.3171875 0.6555555555555556
0 0.819921875 0.6520833333333333 0.14453125 0.2569444444444444
0 0.686328125 0.43194444444444446 0.14609375 0.23055555555555557
0 0.5625 0.275 0.05 0.07777777777777778
5 0.595703125 0.2743055555555556 0.01171875 0.0625
0 0.658203125 0.2375 0.04140625 0.03611111111111111
0 0.46171875 0.29930555555555555 0.0671875 0.07361111111111111
0 0.3984375 0.2923611111111111 0.053125 0.05138888888888889
