5 0.637109375 0.23125 0.01328125 0.0625
0 0.21015625 0.07083333333333333 0.03125 0.03611111111111111
0 0.2453125 0.1 0.0359375 0.044444444444444446
0 0.102734375 0.08680555555555555 0.02109375 0.04027777777777778
0 0.135546875 0.10694444444444444 0.03203125 0.04722222222222222
0 0.24375 0.28541666666666665 0.0921875 0.14305555555555555
0 0.31484375 0.24722222222222223 0.096875 0.12777777777777777
0 0.79765625 0.4409722222222222 0.1078125 0.12638888888888888
0 0.34140625 0.1375 0.059375 0.06388888888888888
0 0.39921875 0.1388888888888889 0.0578125 0.06111111111111111
