0 0.6125 0.22777777777777777 0.0921875 0.09444444444444444
0 0.462890625 0.11041666666666666 0.03515625 0.05416666666666667
0 0.4140625 0.11388888888888889 0.0328125 0.05277777777777778
0 0.462109375 0.4888888888888889 0.19765625 0.19166666666666668
0 0.119140625 0.6847222222222222 0.12578125 0.21666666666666667
0 0.66328125 0.85 0.259375 0.2972222222222222
0 0.898046875 0.7708333333333334 0.16171875 0.19722222222222222
0 0.852734375 0.3680555555555556 0.12265625 0.15
0 0.67109375 0.11388888888888889 0.0421875 0.06111111111111111
5 0.81796875 0.22847222222222222 0.0203125 0.07083333333333333
5 0.51640625 0.10902777777777778 0.0171875 0.05138888888888889
5 0.532421875 0.11805555555555555 0.01484375 0.04722222222222222
5 0.54375 0.11805555555555555 0.009375 0.044444444444444446
5 0.55234375 0.10833333333333334 0.0125 0.04722222222222222
5 0.33125 0.23819444444444443 0.015625 0.0625
5 0.33515625 0.20833333333333334 0.0125 0.041666666666666664
0 0.37421875 0.10416666666666667 0.03125 0.058333333333333334
0 0.719140625 0.10277777777777777 0.04140625 0.041666666666666664
