5 0.217578125 0.2743055555555556 0.02265625 0.09861111111111111
5 0.391796875 0.4701388888888889 0.03515625 0.1486111111111111
5 0.418359375 0.4361111111111111 0.03515625 0.16111111111111112
0 0.31328125 0.2375 0.06875 0.09444444444444444
0 0.318359375 0.1673611111111111 0.05078125 0.0625
0 0.28359375 0.15 0.040625 0.05
0 0.301953125 0.11666666666666667 0.04765625 0.06388888888888888
0 0.23984375 0.13055555555555556 0.0328125 0.04722222222222222
3 0.204296875 0.1125 0.03828125 0.06111111111111111
0 0.673046875 0.25277777777777777 0.07265625 0.09444444444444444
0 0.6953125 0.14791666666666667 0.0359375 0.043055555555555555
5 0.791015625 0.2013888888888889 0.01171875 0.05
