5 0.208984375 0.4388888888888889 0.03671875 0.10833333333333334
5 0.26953125 0.27708333333333335 0.0234375 0.06805555555555555
5 0.35 0.33194444444444443 0.0265625 0.08611111111111111
5 0.44375 0.31180555555555556 0.0359375 0.09027777777777778
5 0.805859375 0.2534722222222222 0.01640625 0.06805555555555555
0 0.7390625 0.11041666666666666 0.0515625 0.05138888888888889
0 0.69375 0.12291666666666666 0.040625 0.05416666666666667
5 0.537890625 0.12361111111111112 0.01796875 0.044444444444444446
0 0.377734375 0.11944444444444445 0.02578125 0.03611111111111111
0 0.41328125 0.10486111111111111 0.0234375 0.03194444444444444
0 0.37421875 0.09513888888888888 0.0203125 0.020833333333333332
0 0.37734375 0.07847222222222222 0.0203125 0.020833333333333332
0 0.40859375 0.07777777777777778 0.0234375 0.025
0 0.378125 0.06527777777777778 0.0171875 0.027777777777777776
0 0.40390625 0.05555555555555555 0.01875 0.013888888888888888
