0 0.284375 0.7173611111111111 0.2 0.25972222222222224
0 0.4875 0.37569444444444444 0.1078125 0.19027777777777777
0 0.522265625 0.22152777777777777 0.04765625 0.06805555555555555
0 0.490234375 0.13402777777777777 0.04296875 0.04583333333333333
0 0.45546875 0.09444444444444444 0.028125 0.025
0 0.44140625 0.07222222222222222 0.015625 0.025
0 0.43125 0.06458333333333334 0.015625 0.018055555555555554
5 0.233203125 0.37222222222222223 0.02109375 0.06388888888888888
5 0.2046875 0.34930555555555554 0.015625 0.05416666666666667
5 0.209375 0.32430555555555557 0.015625 0.05694444444444444
