0 0.551171875 0.09930555555555555 0.03671875 0.04583333333333333
0 0.609375 0.11875 0.0359375 0.04583333333333333
0 0.9578125 0.3798611111111111 0.065625 0.09583333333333334
0 0.26875 0.1375 0.059375 0.06666666666666667
1 0.1921875 0.1326388888888889 0.065625 0.09027777777777778
1 0.01484375 0.18333333333333332 0.025 0.07777777777777778
1 0.048046875 0.15555555555555556 0.03984375 0.08333333333333333
0 0.131640625 0.1909722222222222 0.04296875 0.05416666666666667
0 0.09375 0.1736111111111111 0.0296875 0.04722222222222222
0 0.638671875 0.12222222222222222 0.02109375 0.044444444444444446
0 0.658984375 0.11805555555555555 0.02109375 0.03333333333333333
