0 0.028125 0.26458333333333334 0.0546875 0.06805555555555555
0 0.108203125 0.2548611111111111 0.08046875 0.06805555555555555
0 0.15703125 0.2923611111111111 0.096875 0.09027777777777778
0 0.216796875 0.23541666666666666 0.09140625 0.0763888888888889
0 0.341015625 0.23125 0.10234375 0.07083333333333333
0 0.469921875 0.21458333333333332 0.05078125 0.0625
0 0.505859375 0.17708333333333334 0.03203125 0.04583333333333333
0 0.474609375 0.14305555555555555 0.02890625 0.044444444444444446
0 0.5203125 0.3333333333333333 0.1390625 0.13055555555555556
0 0.93046875 0.5548611111111111 0.1375 0.1763888888888889
5 0.8765625 0.40555555555555556 0.0296875 0.09444444444444444
5 0.306640625 0.1909722222222222 0.01953125 0.05694444444444444
5 0.441015625 0.23819444444444443 0.01484375 0.06805555555555555
4 0.840234375 0.29583333333333334 0.26171875 0.18611111111111112
