4 0.09296875 0.18055555555555555 0.1828125 0.1
3 0.00859375 0.225 0.0171875 0.07777777777777778
0 0.026953125 0.2763888888888889 0.05390625 0.08333333333333333
0 0.164453125 0.2375 0.10390625 0.08611111111111111
0 0.3484375 0.31180555555555556 0.1546875 0.10694444444444444
0 0.387109375 0.22847222222222222 0.09453125 0.06527777777777778
5 0.308984375 0.20277777777777778 0.01484375 0.07222222222222222
0 0.500390625 0.20069444444444445 0.03515625 0.05694444444444444
0 0.493359375 0.16805555555555557 0.02734375 0.041666666666666664
0 0.928125 0.5618055555555556 0.1171875 0.16805555555555557
5 0.6171875 0.21458333333333332 0.0140625 0.05694444444444444
5 0.6359375 0.21805555555555556 0.0203125 0.06388888888888888
