0 0.205859375 0.21597222222222223 0.11484375 0.16527777777777777
0 0.423828125 0.13958333333333334 0.06328125 0.05416666666666667
0 0.658984375 0.1111111111111111 0.03203125 0.030555555555555555
0 0.968359375 0.4111111111111111 0.05390625 0.08611111111111111
1 0.96640625 0.3590277777777778 0.065625 0.1597222222222222
1 0.9515625 0.31666666666666665 0.0953125 0.14444444444444443
0 0.84375 0.19583333333333333 0.053125 0.06388888888888888
0 0.11484375 0.1736111111111111 0.0375 0.05
0 0.08515625 0.175 0.025 0.03611111111111111
1 0.552734375 0.08194444444444444 0.06796875 0.08888888888888889
0 0.608984375 0.10625 0.03359375 0.05138888888888889
3 0.403515625 0.12013888888888889 0.17578125 0.10416666666666667
