0 0.2296875 0.5958333333333333 0.2328125 0.2777777777777778
0 0.06640625 0.5020833333333333 0.1328125 0.20694444444444443
0 0.240625 0.2569444444444444 0.1 0.1111111111111111
0 0.4484375 0.22013888888888888 0.0953125 0.09861111111111111
0 0.633203125 0.2152777777777778 0.06640625 0.08333333333333333
0 0.699609375 0.15763888888888888 0.02578125 0.04027777777777778
0 0.73125 0.1375 0.0140625 0.025
0 0.42890625 0.13333333333333333 0.0359375 0.041666666666666664
0 0.348046875 0.15208333333333332 0.02890625 0.04583333333333333
0 0.37578125 0.11388888888888889 0.0484375 0.03888888888888889
0 0.117578125 0.1875 0.03359375 0.03888888888888889
0 0.075390625 0.20416666666666666 0.03671875 0.041666666666666664
0 0.08828125 0.1763888888888889 0.025 0.03888888888888889
0 0.548828125 0.10416666666666667 0.03515625 0.03888888888888889
0 0.581640625 0.11319444444444444 0.03515625 0.0375
0 0.61171875 0.12430555555555556 0.0265625 0.03194444444444444
0 0.97578125 0.4125 0.046875 0.06944444444444445
0 0.94140625 0.3680555555555556 0.05625 0.058333333333333334
0 0.925390625 0.33194444444444443 0.05859375 0.058333333333333334
0 0.873828125 0.27569444444444446 0.05546875 0.059722222222222225
0 0.638671875 0.11527777777777778 0.02109375 0.03333333333333333
