0 0.2875 0.49166666666666664 0.2140625 0.2833333333333333
0 0.1203125 0.18888888888888888 0.0375 0.03888888888888889
0 0.076953125 0.20694444444444443 0.03671875 0.04722222222222222
0 0.200390625 0.13541666666666666 0.03984375 0.04861111111111111
0 0.5921875 0.11388888888888889 0.0265625 0.027777777777777776
0 0.6171875 0.13055555555555556 0.028125 0.025
0 0.7296875 0.17847222222222223 0.03125 0.059722222222222225
0 0.69921875 0.14652777777777778 0.028125 0.059722222222222225
0 0.95390625 0.3715277777777778 0.05625 0.04861111111111111
0 0.971484375 0.4125 0.05546875 0.041666666666666664
3 0.866015625 0.25555555555555554 0.14296875 0.16944444444444445
1 0.6984375 0.09583333333333334 0.034375 0.05
