0 0.091796875 0.3548611111111111 0.16015625 0.24027777777777778
0 0.28515625 0.29305555555555557 0.1296875 0.14166666666666666
0 0.39375 0.12152777777777778 0.0453125 0.05416666666666667
0 0.155078125 0.13819444444444445 0.03359375 0.0375
0 0.11328125 0.18125 0.03125 0.05416666666666667
0 0.088671875 0.17708333333333334 0.03359375 0.04583333333333333
0 0.08046875 0.21180555555555555 0.0375 0.0375
0 0.534765625 0.10833333333333334 0.03671875 0.04722222222222222
0 0.573828125 0.10694444444444444 0.03671875 0.044444444444444446
0 0.61171875 0.11944444444444445 0.028125 0.041666666666666664
0 0.642578125 0.12291666666666666 0.03046875 0.04027777777777778
0 0.7515625 0.1527777777777778 0.0140625 0.03611111111111111
0 0.95 0.3909722222222222 0.0671875 0.08472222222222223
0 0.931640625 0.35555555555555557 0.05703125 0.05555555555555555
0 0.947265625 0.3590277777777778 0.05234375 0.0625
