0 0.9265625 0.56875 0.10625 0.15694444444444444
0 0.440625 0.3090277777777778 0.1484375 0.11805555555555555
0 0.20703125 0.27708333333333335 0.1234375 0.10138888888888889
0 0.037109375 0.2875 0.06171875 0.075
0 0.50078125 0.18055555555555555 0.03125 0.041666666666666664
0 0.481640625 0.15763888888888888 0.02578125 0.0375
0 0.46640625 0.13819444444444445 0.025 0.0375
5 0.25390625 0.1986111111111111 0.0171875 0.058333333333333334
5 0.068359375 0.21944444444444444 0.01328125 0.04722222222222222
5 0.425 0.2361111111111111 0.0140625 0.058333333333333334
5 0.40234375 0.23680555555555555 0.0203125 0.07083333333333333
