0 0.025390625 0.26180555555555557 0.05078125 0.06805555555555555
0 0.196875 0.2847222222222222 0.2046875 0.15833333333333333
3 0.14453125 0.24444444444444444 0.1875 0.1638888888888889
0 0.5953125 0.37569444444444444 0.146875 0.11527777777777778
0 0.8765625 0.5291666666666667 0.1375 0.1527777777777778
0 0.499609375 0.18472222222222223 0.02421875 0.05277777777777778
5 0.375390625 0.24097222222222223 0.01171875 0.08194444444444444
5 0.39140625 0.24722222222222223 0.0125 0.08055555555555556
5 0.40546875 0.24097222222222223 0.0140625 0.0763888888888889
5 0.41875 0.24722222222222223 0.0140625 0.06111111111111111
5 0.43828125 0.2361111111111111 0.015625 0.08055555555555556
5 0.4703125 0.2388888888888889 0.015625 0.07777777777777778
5 0.262890625 0.19027777777777777 0.01328125 0.027777777777777776
3 0.397265625 0.1951388888888889 0.17890625 0.12083333333333333
3 0.465234375 0.11805555555555555 0.04921875 0.06111111111111111
4 0.133984375 0.17430555555555555 0.23828125 0.11527777777777778
