0 0.5578125 0.3472222222222222 0.1453125 0.11388888888888889
0 0.934375 0.5604166666666667 0.11875 0.16805555555555557
0 0.390625 0.23333333333333334 0.0875 0.08055555555555556
0 0.26640625 0.30069444444444443 0.121875 0.10694444444444444
0 0.225390625 0.24305555555555555 0.08828125 0.06388888888888888
0 0.02578125 0.27569444444444446 0.0515625 0.07916666666666666
0 0.08203125 0.29375 0.0921875 0.08472222222222223
0 0.09609375 0.23819444444444443 0.0703125 0.06527777777777778
4 0.108203125 0.1840277777777778 0.21640625 0.12361111111111112
5 0.3125 0.2076388888888889 0.0171875 0.0625
