0 0.4828125 0.4041666666666667 0.1578125 0.19722222222222222
0 0.321484375 0.2625 0.13046875 0.16111111111111112
0 0.169140625 0.14930555555555555 0.04921875 0.06527777777777778
0 0.114453125 0.10416666666666667 0.02421875 0.04722222222222222
0 0.256640625 0.10416666666666667 0.03984375 0.04722222222222222
0 0.209765625 0.08819444444444445 0.03203125 0.043055555555555555
0 0.339453125 0.1361111111111111 0.06640625 0.07222222222222222
0 0.460546875 0.2 0.08515625 0.075
0 0.60390625 0.29097222222222224 0.1125 0.12083333333333333
0 0.78828125 0.44305555555555554 0.1203125 0.16111111111111112
