0 0.057421875 0.6402777777777777 0.11484375 0.26944444444444443
0 0.271875 0.14166666666666666 0.0421875 0.05
0 0.223828125 0.14305555555555555 0.04921875 0.041666666666666664
0 0.49609375 0.26180555555555557 0.1046875 0.09861111111111111
0 0.450390625 0.175 0.08828125 0.08611111111111111
0 0.5734375 0.15347222222222223 0.059375 0.05416666666666667
0 0.65859375 0.12708333333333333 0.04375 0.0625
0 0.6921875 0.13194444444444445 0.0234375 0.03611111111111111
5 0.731640625 0.19305555555555556 0.01484375 0.06666666666666667
5 0.339453125 0.1638888888888889 0.01640625 0.058333333333333334
5 0.32421875 0.15902777777777777 0.0140625 0.04861111111111111
5 0.29296875 0.18055555555555555 0.0203125 0.06388888888888888
