1 0.14375 0.22152777777777777 0.284375 0.3013888888888889
0 0.205859375 0.2326388888888889 0.09609375 0.10138888888888889
0 0.920703125 0.4909722222222222 0.12265625 0.20694444444444443
0 0.446484375 0.13472222222222222 0.06015625 0.05555555555555555
0 0.548828125 0.1423611111111111 0.03984375 0.04861111111111111
0 0.646875 0.18263888888888888 0.071875 0.07083333333333333
0 0.490234375 0.11458333333333333 0.03828125 0.03194444444444444
0 0.963671875 0.3972222222222222 0.07109375 0.07777777777777778
0 0.953125 0.3659722222222222 0.0609375 0.06805555555555555
0 0.84609375 0.25555555555555554 0.05 0.044444444444444446
0 0.75703125 0.17152777777777778 0.0171875 0.029166666666666667
0 0.598828125 0.12083333333333333 0.04140625 0.03888888888888889
0 0.565625 0.09444444444444444 0.0265625 0.03333333333333333
0 0.61328125 0.09583333333333334 0.028125 0.03611111111111111
0 0.6625 0.11944444444444445 0.01875 0.030555555555555555
5 0.834375 0.35555555555555557 0.0203125 0.09166666666666666
