2 0.66796875 0.26319444444444445 0.1078125 0.2263888888888889
0 0.578125 0.2520833333333333 0.0796875 0.1125
0 0.975 0.40694444444444444 0.0484375 0.06388888888888888
0 0.9609375 0.35208333333333336 0.0578125 0.07083333333333333
0 0.940234375 0.31180555555555556 0.06484375 0.05694444444444444
3 0.933203125 0.24027777777777778 0.14296875 0.10277777777777777
0 0.22734375 0.6055555555555555 0.2375 0.28055555555555556
0 0.17578125 0.8895833333333333 0.3046875 0.21805555555555556
0 0.0828125 0.2875 0.08125 0.12222222222222222
0 0.114453125 0.18611111111111112 0.03203125 0.06111111111111111
0 0.159765625 0.1527777777777778 0.04140625 0.05277777777777778
0 0.2046875 0.13472222222222222 0.046875 0.05555555555555555
0 0.573046875 0.09861111111111111 0.03515625 0.041666666666666664
0 0.601171875 0.12569444444444444 0.03203125 0.043055555555555555
3 0.746484375 0.17569444444444443 0.05078125 0.09027777777777778
