0 0.573828125 0.35138888888888886 0.13515625 0.125
0 0.794921875 0.45 0.10234375 0.125
0 0.933203125 0.56875 0.11484375 0.1597222222222222
0 0.373046875 0.31805555555555554 0.14765625 0.1
0 0.207421875 0.2847222222222222 0.11015625 0.08611111111111111
0 0.065234375 0.28680555555555554 0.07734375 0.07083333333333333
0 0.04921875 0.25763888888888886 0.0828125 0.0763888888888889
0 0.501171875 0.1763888888888889 0.03359375 0.058333333333333334
0 0.478515625 0.15694444444444444 0.02578125 0.03888888888888889
0 0.466796875 0.1423611111111111 0.01640625 0.02361111111111111
0 0.45859375 0.13680555555555557 0.01875 0.03194444444444444
0 0.4484375 0.12777777777777777 0.0171875 0.025
4 0.869921875 0.3263888888888889 0.17109375 0.16944444444444445
5 0.49921875 0.24861111111111112 0.015625 0.06388888888888888
5 0.473046875 0.23402777777777778 0.01796875 0.06805555555555555
5 0.436328125 0.24444444444444444 0.01640625 0.07222222222222222
