0 0.56953125 0.3402777777777778 0.1328125 0.12777777777777777
0 0.299609375 0.28402777777777777 0.11640625 0.1125
0 0.179296875 0.24722222222222223 0.08515625 0.07777777777777778
0 0.046875 0.2638888888888889 0.0625 0.06388888888888888
0 0.327734375 0.22916666666666666 0.08359375 0.07777777777777778
0 0.483203125 0.2048611111111111 0.03828125 0.059722222222222225
0 0.49609375 0.17083333333333334 0.025 0.05
0 0.48125 0.1486111111111111 0.0234375 0.041666666666666664
0 0.4609375 0.13680555555555557 0.0234375 0.04027777777777778
1 0.491796875 0.1 0.04765625 0.05555555555555555
5 0.283203125 0.19027777777777777 0.01328125 0.058333333333333334
5 0.937109375 0.4722222222222222 0.01640625 0.10833333333333334
2 0.837109375 0.44166666666666665 0.26484375 0.2638888888888889
