4 0.48828125 0.2916666666666667 0.125 0.11666666666666667
0 0.407421875 0.8236111111111111 0.16484375 0.22777777777777777
0 0.90546875 0.6638888888888889 0.1015625 0.1361111111111111
0 0.822265625 0.39375 0.03515625 0.04861111111111111
0 0.81171875 0.35138888888888886 0.025 0.03611111111111111
0 0.818359375 0.30972222222222223 0.02265625 0.041666666666666664
0 0.496875 0.4263888888888889 0.05625 0.06388888888888888
0 0.596875 0.4013888888888889 0.04375 0.06388888888888888
0 0.088671875 0.7243055555555555 0.17578125 0.20416666666666666
0 0.2328125 0.6180555555555556 0.1234375 0.1527777777777778
0 0.33515625 0.5472222222222223 0.090625 0.12777777777777777
0 0.400390625 0.48680555555555555 0.07734375 0.10416666666666667
0 0.245703125 0.7569444444444444 0.16484375 0.2222222222222222
0 0.097265625 0.89375 0.19296875 0.20694444444444443
0 0.602734375 0.8104166666666667 0.15546875 0.30694444444444446
0 0.378515625 0.6208333333333333 0.11484375 0.15555555555555556
0 0.471875 0.5368055555555555 0.071875 0.1125
0 0.481640625 0.6708333333333333 0.11015625 0.17222222222222222
0 0.5546875 0.5840277777777778 0.0875 0.13472222222222222
0 0.596875 0.5090277777777777 0.0734375 0.10972222222222222
0 0.61953125 0.46111111111111114 0.053125 0.07777777777777778
0 0.649609375 0.4395833333333333 0.04140625 0.0763888888888889
0 0.624609375 0.3402777777777778 0.02890625 0.03888888888888889
0 0.666015625 0.3458333333333333 0.03359375 0.03611111111111111
0 0.665625 0.40208333333333335 0.040625 0.0763888888888889
0 0.658984375 0.6826388888888889 0.07734375 0.1597222222222222
0 0.6734375 0.5951388888888889 0.0703125 0.15416666666666667
0 0.69140625 0.5291666666666667 0.071875 0.09166666666666666
0 0.70390625 0.48194444444444445 0.053125 0.08333333333333333
0 0.712109375 0.46319444444444446 0.04609375 0.08472222222222223
0 0.734765625 0.4152777777777778 0.03828125 0.09166666666666666
0 0.68203125 0.3902777777777778 0.0328125 0.05
0 0.698046875 0.3590277777777778 0.02734375 0.05138888888888889
0 0.73515625 0.32916666666666666 0.025 0.03888888888888889
0 0.719921875 0.32430555555555557 0.02578125 0.04027777777777778
5 0.1109375 0.36666666666666664 0.021875 0.06666666666666667
5 0.17734375 0.375 0.025 0.07777777777777778
5 0.301953125 0.33541666666666664 0.01640625 0.06805555555555555
5 0.319140625 0.34097222222222223 0.01015625 0.0625
5 0.863671875 0.3194444444444444 0.01328125 0.03333333333333333
0 0.709375 0.28888888888888886 0.0140625 0.03333333333333333
