0 0.34140625 0.1673611111111111 0.078125 0.0625
0 0.482421875 0.1326388888888889 0.06171875 0.05138888888888889
0 0.53203125 0.1111111111111111 0.0421875 0.041666666666666664
5 0.83203125 0.34375 0.0203125 0.09027777777777778
0 0.9328125 0.3506944444444444 0.0609375 0.09027777777777778
0 0.116015625 0.18888888888888888 0.03984375 0.03888888888888889
1 0.034765625 0.19583333333333333 0.04765625 0.08888888888888889
1 0.2640625 0.15416666666666667 0.2671875 0.21944444444444444
1 0.95 0.33611111111111114 0.0984375 0.20555555555555555
0 0.597265625 0.1125 0.03203125 0.05555555555555555
