0 0.2984375 0.46875 0.1015625 0.15138888888888888
0 0.48984375 0.31527777777777777 0.0875 0.09166666666666666
0 0.32734375 0.27569444444444446 0.0421875 0.04583333333333333
0 0.361328125 0.20347222222222222 0.03359375 0.03194444444444444
0 0.63515625 0.22777777777777777 0.025 0.03611111111111111
0 0.6203125 0.20555555555555555 0.01875 0.025
3 0.496484375 0.16666666666666666 0.04296875 0.03888888888888889
3 0.575390625 0.16527777777777777 0.03046875 0.03611111111111111
0 0.17265625 0.26180555555555557 0.01875 0.03194444444444444
5 0.190625 0.8625 0.0625 0.18888888888888888
5 0.04296875 0.8604166666666667 0.0515625 0.1625
5 0.07890625 0.8458333333333333 0.0671875 0.1638888888888889
5 0.13515625 0.7034722222222223 0.0359375 0.1375
5 0.191796875 0.5979166666666667 0.03359375 0.1125
5 0.1703125 0.5902777777777778 0.03125 0.12777777777777777
5 0.103125 0.5319444444444444 0.0234375 0.13055555555555556
5 0.140625 0.5118055555555555 0.021875 0.09305555555555556
5 0.133984375 0.4048611111111111 0.01640625 0.07083333333333333
5 0.146875 0.4638888888888889 0.025 0.08333333333333333
5 0.158203125 0.41944444444444445 0.01640625 0.08611111111111111
5 0.173828125 0.425 0.02578125 0.08333333333333333
5 0.17890625 0.3784722222222222 0.0140625 0.0763888888888889
