0 0.60234375 0.14444444444444443 0.046875 0.04722222222222222
0 0.646875 0.12638888888888888 0.046875 0.06388888888888888
0 0.68359375 0.1486111111111111 0.0359375 0.03888888888888889
0 0.691796875 0.1798611111111111 0.04609375 0.05138888888888889
0 0.755859375 0.1486111111111111 0.02421875 0.03888888888888889
0 0.307421875 0.19236111111111112 0.04453125 0.06805555555555555
0 0.29375 0.1326388888888889 0.046875 0.043055555555555555
0 0.242578125 0.1361111111111111 0.03359375 0.03888888888888889
0 0.150390625 0.3402777777777778 0.11640625 0.14444444444444443
5 0.479296875 0.14166666666666666 0.01484375 0.05
5 0.503515625 0.1326388888888889 0.01484375 0.04027777777777778
