0 0.61796875 0.375 0.1203125 0.14444444444444443
0 0.566796875 0.2423611111111111 0.07109375 0.10694444444444444
0 0.722265625 0.20347222222222222 0.04765625 0.09583333333333334
3 0.68984375 0.14652777777777778 0.05625 0.11527777777777778
5 0.46328125 0.10416666666666667 0.01875 0.058333333333333334
0 0.075390625 0.20902777777777778 0.03984375 0.05138888888888889
0 0.111328125 0.17569444444444443 0.03359375 0.05416666666666667
0 0.162109375 0.15416666666666667 0.03515625 0.05
0 0.13046875 0.14583333333333334 0.03125 0.03611111111111111
0 0.971484375 0.4041666666666667 0.05546875 0.09444444444444444
0 0.953515625 0.3680555555555556 0.04609375 0.05
0 0.930859375 0.34375 0.04609375 0.05416666666666667
0 0.563671875 0.10902777777777778 0.03828125 0.0375
0 0.616015625 0.12222222222222222 0.03359375 0.03611111111111111
0 0.6421875 0.12222222222222222 0.0234375 0.03611111111111111
0 0.73671875 0.13819444444444445 0.015625 0.02361111111111111
0 0.747265625 0.12916666666666668 0.01796875 0.019444444444444445
