0 0.473828125 0.18472222222222223 0.09453125 0.06388888888888888
0 0.34609375 0.15069444444444444 0.0578125 0.05416666666666667
0 0.273046875 0.1486111111111111 0.03828125 0.044444444444444446
0 0.253125 0.12083333333333333 0.0265625 0.041666666666666664
0 0.589453125 0.15833333333333333 0.06328125 0.05555555555555555
0 0.662890625 0.14722222222222223 0.04609375 0.04722222222222222
0 0.6984375 0.17708333333333334 0.0421875 0.05138888888888889
0 0.723046875 0.13541666666666666 0.02890625 0.03194444444444444
0 0.63203125 0.13402777777777777 0.0375 0.04027777777777778
5 0.77109375 0.2152777777777778 0.0171875 0.05277777777777778
5 0.783984375 0.22083333333333333 0.01484375 0.05
