0 0.69140625 0.8 0.375 0.3972222222222222
0 0.380859375 0.09444444444444444 0.02734375 0.044444444444444446
0 0.497265625 0.1284722222222222 0.04296875 0.0625
0 0.441796875 0.08055555555555556 0.04921875 0.044444444444444446
5 0.49921875 0.1736111111111111 0.01875 0.058333333333333334
5 0.271875 0.2423611111111111 0.0328125 0.08472222222222223
5 0.2546875 0.23541666666666666 0.0265625 0.0875
5 0.237890625 0.2659722222222222 0.02734375 0.07916666666666666
5 0.1859375 0.2652777777777778 0.0265625 0.09166666666666666
5 0.036328125 0.9152777777777777 0.06328125 0.16666666666666666
5 0.103125 0.9472222222222222 0.0546875 0.10277777777777777
5 0.216015625 0.25 0.01484375 0.075
5 0.230859375 0.2375 0.00859375 0.06388888888888888
