0 0.209375 0.12222222222222222 0.025 0.030555555555555555
0 0.2265625 0.13194444444444445 0.0265625 0.030555555555555555
0 0.25234375 0.11666666666666667 0.028125 0.03888888888888889
0 0.26953125 0.14166666666666666 0.040625 0.03888888888888889
0 0.313671875 0.17569444444444443 0.04609375 0.059722222222222225
0 0.384765625 0.15625 0.06171875 0.059722222222222225
0 0.091015625 0.39305555555555555 0.11953125 0.175
5 0.26875 0.3506944444444444 0.03125 0.12361111111111112
5 0.633984375 0.7868055555555555 0.07578125 0.30694444444444446
5 0.773828125 0.23472222222222222 0.01484375 0.058333333333333334
5 0.7875 0.2423611111111111 0.0109375 0.06527777777777778
5 0.786328125 0.1909722222222222 0.01171875 0.04861111111111111
3 0.60625 0.15555555555555556 0.1875 0.11944444444444445
3 0.735546875 0.14097222222222222 0.05546875 0.0763888888888889
