0 0.509375 0.3458333333333333 0.0859375 0.10277777777777777
0 0.687109375 0.5125 0.13203125 0.18888888888888888
0 0.323828125 0.2722222222222222 0.04765625 0.06666666666666667
0 0.35078125 0.2013888888888889 0.046875 0.041666666666666664
0 0.65390625 0.22430555555555556 0.028125 0.04861111111111111
0 0.6203125 0.20277777777777778 0.021875 0.027777777777777776
0 0.600390625 0.18888888888888888 0.02265625 0.027777777777777776
0 0.5671875 0.18333333333333332 0.028125 0.025
0 0.14453125 0.6395833333333333 0.1515625 0.26805555555555555
5 0.037109375 0.9166666666666666 0.05859375 0.1527777777777778
5 0.158203125 0.42430555555555555 0.02578125 0.08472222222222223
5 0.12421875 0.3451388888888889 0.021875 0.05694444444444444
5 0.118359375 0.3125 0.01015625 0.044444444444444446
3 0.140625 0.2590277777777778 0.03125 0.05138888888888889
