3 0.7375 0.14652777777777778 0.059375 0.0763888888888889
0 0.641015625 0.17291666666666666 0.04765625 0.05138888888888889
0 0.6078125 0.13472222222222222 0.0546875 0.06388888888888888
0 0.317578125 0.14166666666666666 0.04609375 0.04722222222222222
0 0.272265625 0.14722222222222223 0.04296875 0.041666666666666664
0 0.233203125 0.13680555555555557 0.02734375 0.0375
0 0.2484375 0.11666666666666667 0.0234375 0.03333333333333333
5 0.225 0.22430555555555556 0.0203125 0.08472222222222223
5 0.180078125 0.25555555555555554 0.01796875 0.07222222222222222
0 0.942578125 0.4722222222222222 0.11328125 0.1638888888888889
