0 0.426171875 0.13402777777777777 0.04140625 0.05694444444444444
0 0.609765625 0.12361111111111112 0.03828125 0.04722222222222222
0 0.70625 0.15 0.025 0.044444444444444446
0 0.75 0.16875 0.028125 0.043055555555555555
0 0.726953125 0.19722222222222222 0.03203125 0.06111111111111111
0 0.66953125 0.2923611111111111 0.0859375 0.09861111111111111
0 0.295703125 0.7895833333333333 0.34140625 0.41805555555555557
0 0.107421875 0.18194444444444444 0.03671875 0.05277777777777778
0 0.1640625 0.14791666666666667 0.0421875 0.04583333333333333
0 0.128125 0.1423611111111111 0.0359375 0.043055555555555555
0 0.2390625 0.09791666666666667 0.0328125 0.034722222222222224
0 0.03203125 0.21041666666666667 0.025 0.04583333333333333
0 0.63359375 0.12013888888888889 0.028125 0.04027777777777778
0 0.653515625 0.11597222222222223 0.01796875 0.0375
0 0.933984375 0.36180555555555555 0.07109375 0.09305555555555556
