0 0.401953125 0.4131944444444444 0.06484375 0.11805555555555555
0 0.529296875 0.3368055555555556 0.03984375 0.07361111111111111
0 0.766015625 0.3076388888888889 0.05078125 0.0625
0 0.637890625 0.4326388888888889 0.11640625 0.15694444444444444
0 0.81875 0.6986111111111111 0.16875 0.30833333333333335
5 0.12890625 0.45 0.0265625 0.08333333333333333
5 0.132421875 0.37569444444444444 0.01953125 0.07083333333333333
5 0.15234375 0.3402777777777778 0.01875 0.04722222222222222
5 0.17890625 0.3638888888888889 0.0125 0.08333333333333333
5 0.171875 0.3798611111111111 0.0171875 0.07083333333333333
5 0.16015625 0.4222222222222222 0.0265625 0.09722222222222222
0 0.305859375 0.2659722222222222 0.02578125 0.04583333333333333
0 0.248046875 0.2361111111111111 0.02578125 0.03611111111111111
4 0.404296875 0.2013888888888889 0.20078125 0.06111111111111111
3 0.419921875 0.32708333333333334 0.20546875 0.20416666666666666
