0 0.5015625 0.17152777777777778 0.06875 0.0625
0 0.943359375 0.47638888888888886 0.11171875 0.15833333333333333
0 0.310546875 0.2611111111111111 0.12734375 0.1
0 0.35703125 0.3458333333333333 0.171875 0.18333333333333332
3 0.640234375 0.12083333333333333 0.06953125 0.075
0 0.683984375 0.12777777777777777 0.02265625 0.03611111111111111
0 0.707421875 0.12708333333333333 0.02421875 0.03194444444444444
0 0.276953125 0.13402777777777777 0.03515625 0.029166666666666667
5 0.324609375 0.15555555555555556 0.01015625 0.03888888888888889
5 0.308203125 0.15902777777777777 0.01015625 0.0375
5 0.298046875 0.1638888888888889 0.01171875 0.03333333333333333
5 0.316015625 0.15486111111111112 0.00859375 0.0375
5 0.17890625 0.2513888888888889 0.015625 0.06388888888888888
5 0.166015625 0.25763888888888886 0.01640625 0.07083333333333333
