3 0.94375 0.5041666666666667 0.1109375 0.21944444444444444
3 0.877734375 0.39305555555555555 0.06171875 0.12222222222222222
0 0.86875 0.5256944444444445 0.0625 0.09305555555555556
0 0.812890625 0.37569444444444444 0.03203125 0.05416666666666667
0 0.83515625 0.3451388888888889 0.0234375 0.04583333333333333
0 0.725390625 0.38125 0.03359375 0.06527777777777778
0 0.53125 0.41875 0.053125 0.07361111111111111
0 0.403515625 0.31319444444444444 0.06484375 0.05416666666666667
0 0.5875 0.3298611111111111 0.0328125 0.04861111111111111
0 0.635546875 0.3368055555555556 0.02890625 0.04861111111111111
0 0.61328125 0.31319444444444444 0.025 0.04027777777777778
0 0.709765625 0.29097222222222224 0.02265625 0.02361111111111111
0 0.718359375 0.2722222222222222 0.01640625 0.025
0 0.70234375 0.26805555555555555 0.01875 0.019444444444444445
0 0.604296875 0.7868055555555555 0.12265625 0.2263888888888889
0 0.533203125 0.8993055555555556 0.18984375 0.1986111111111111
0 0.4796875 0.6888888888888889 0.13125 0.19166666666666668
0 0.269140625 0.8798611111111111 0.23671875 0.2375
0 0.308203125 0.5784722222222223 0.11484375 0.1375
0 0.373828125 0.4409722222222222 0.09609375 0.09861111111111111
0 0.28046875 0.49444444444444446 0.10625 0.10277777777777777
0 0.142578125 0.5326388888888889 0.15546875 0.15694444444444444
0 0.7671875 0.30833333333333335 0.0265625 0.044444444444444446
5 0.09765625 0.37569444444444444 0.01875 0.07083333333333333
5 0.35078125 0.33055555555555555 0.021875 0.05555555555555555
