5 0.1546875 0.4173611111111111 0.0265625 0.10416666666666667
0 0.2515625 0.24722222222222223 0.0328125 0.05277777777777778
0 0.3171875 0.26319444444444445 0.04375 0.05416666666666667
0 0.785546875 0.6486111111111111 0.16484375 0.2861111111111111
0 0.723046875 0.27847222222222223 0.04296875 0.05138888888888889
0 0.769140625 0.31875 0.06015625 0.05694444444444444
0 0.859765625 0.38472222222222224 0.08046875 0.11388888888888889
0 0.966015625 0.5104166666666666 0.06640625 0.15416666666666667
3 0.640625 0.21388888888888888 0.1140625 0.09722222222222222
5 0.014453125 0.5423611111111111 0.02265625 0.09305555555555556
