0 0.86328125 0.34375 0.184375 0.1875
0 0.573046875 0.2013888888888889 0.06015625 0.09722222222222222
0 0.548046875 0.15138888888888888 0.04140625 0.07222222222222222
0 0.52578125 0.10694444444444444 0.0359375 0.044444444444444446
0 0.57109375 0.1076388888888889 0.0359375 0.04583333333333333
0 0.60859375 0.12638888888888888 0.040625 0.041666666666666664
0 0.43984375 0.14027777777777778 0.0625 0.07222222222222222
0 0.29375 0.16458333333333333 0.0796875 0.09583333333333334
0 0.172265625 0.2375 0.12578125 0.175
0 0.105859375 0.17152777777777778 0.04921875 0.0763888888888889
0 0.059375 0.2951388888888889 0.071875 0.12361111111111112
0 0.884765625 0.2569444444444444 0.04921875 0.05555555555555555
0 0.95546875 0.36666666666666664 0.0859375 0.14166666666666666
