5 0.4890625 0.7472222222222222 0.0609375 0.225
5 0.5875 0.78125 0.0625 0.24305555555555555
5 0.6515625 0.8416666666666667 0.0609375 0.2361111111111111
5 0.669921875 0.7381944444444445 0.06796875 0.20694444444444443
5 0.492578125 0.24722222222222223 0.02578125 0.10833333333333334
5 0.415234375 0.2388888888888889 0.02265625 0.08055555555555556
5 0.34609375 0.2125 0.0171875 0.058333333333333334
5 0.29296875 0.1986111111111111 0.015625 0.05555555555555555
5 0.2796875 0.20347222222222222 0.0171875 0.05694444444444444
0 0.464453125 0.14166666666666666 0.02109375 0.044444444444444446
0 0.4921875 0.1111111111111111 0.0265625 0.03888888888888889
0 0.359375 0.1076388888888889 0.0375 0.0375
