5 0.569140625 0.6229166666666667 0.04765625 0.2375
0 0.599609375 0.16875 0.06953125 0.05138888888888889
0 0.05 0.46041666666666664 0.1 0.18194444444444444
5 0.03359375 0.34652777777777777 0.021875 0.07083333333333333
5 0.183984375 0.23125 0.01640625 0.07083333333333333
5 0.184765625 0.17847222222222223 0.01328125 0.0375
5 0.1953125 0.18263888888888888 0.0109375 0.04861111111111111
0 0.240625 0.13680555555555557 0.0265625 0.04027777777777778
0 0.20859375 0.12222222222222222 0.021875 0.025
0 0.288671875 0.15069444444444444 0.03828125 0.04861111111111111
0 0.3265625 0.18333333333333332 0.04375 0.06388888888888888
0 0.290234375 0.2520833333333333 0.08046875 0.09583333333333334
0 0.6703125 0.13055555555555556 0.0359375 0.041666666666666664
