0 0.14296875 0.6465277777777778 0.165625 0.24583333333333332
0 0.2984375 0.29097222222222224 0.0546875 0.06805555555555555
0 0.373046875 0.2881944444444444 0.06640625 0.06527777777777778
0 0.38359375 0.3548611111111111 0.0578125 0.08194444444444444
0 0.47578125 0.3125 0.0875 0.08333333333333333
0 0.50546875 0.4201388888888889 0.1015625 0.12638888888888888
0 0.611328125 0.39791666666666664 0.10703125 0.13194444444444445
4 0.849609375 0.5125 0.29921875 0.6
3 0.7796875 0.7458333333333333 0.4390625 0.5055555555555555
0 0.898046875 0.7875 0.18203125 0.33055555555555555
0 0.23828125 0.2763888888888889 0.0359375 0.05277777777777778
