0 0.1546875 0.29097222222222224 0.1046875 0.09305555555555556
0 0.01796875 0.2826388888888889 0.0359375 0.07916666666666666
0 0.423828125 0.31805555555555554 0.15390625 0.1111111111111111
0 0.6765625 0.4041666666666667 0.15625 0.1361111111111111
0 0.8640625 0.49930555555555556 0.1140625 0.12638888888888888
0 0.501171875 0.17916666666666667 0.03046875 0.05
0 0.4828125 0.16041666666666668 0.0234375 0.0375
5 0.042578125 0.22291666666666668 0.01015625 0.05694444444444444
5 0.162890625 0.17083333333333334 0.01015625 0.03611111111111111
5 0.21484375 0.15138888888888888 0.0125 0.041666666666666664
