0 0.207421875 0.3125 0.11171875 0.13333333333333333
0 0.172265625 0.4895833333333333 0.21953125 0.22361111111111112
0 0.38046875 0.2111111111111111 0.09375 0.1
0 0.27109375 0.1423611111111111 0.04375 0.05138888888888889
0 0.304296875 0.12708333333333333 0.04609375 0.05138888888888889
0 0.232421875 0.12638888888888888 0.03515625 0.05555555555555555
0 0.317578125 0.09513888888888888 0.04140625 0.03194444444444444
0 0.55859375 0.15416666666666667 0.05 0.058333333333333334
0 0.643359375 0.13472222222222222 0.03984375 0.04722222222222222
0 0.65625 0.1625 0.046875 0.05277777777777778
0 0.718359375 0.1423611111111111 0.02890625 0.043055555555555555
