0 0.671875 0.5840277777777778 0.071875 0.15138888888888888
0 0.58203125 0.5340277777777778 0.0734375 0.12083333333333333
0 0.4796875 0.6854166666666667 0.1328125 0.20972222222222223
0 0.353515625 0.5173611111111112 0.09765625 0.12638888888888888
0 0.169140625 0.6618055555555555 0.16640625 0.1597222222222222
0 0.15390625 0.85 0.2328125 0.24444444444444444
0 0.239453125 0.9256944444444445 0.21484375 0.14583333333333334
0 0.3703125 0.6340277777777777 0.1234375 0.18194444444444444
0 0.458203125 0.45069444444444445 0.04765625 0.09861111111111111
0 0.51171875 0.47847222222222224 0.078125 0.10694444444444444
0 0.5703125 0.43194444444444446 0.053125 0.06666666666666667
0 0.605078125 0.4013888888888889 0.03828125 0.058333333333333334
0 0.6390625 0.4465277777777778 0.053125 0.06527777777777778
0 0.69609375 0.5111111111111111 0.0609375 0.08888888888888889
0 0.71796875 0.4597222222222222 0.046875 0.058333333333333334
0 0.7265625 0.4340277777777778 0.0375 0.06527777777777778
0 0.7375 0.4 0.0375 0.06388888888888888
0 0.738671875 0.3611111111111111 0.02890625 0.03888888888888889
0 0.663671875 0.41875 0.03203125 0.05416666666666667
0 0.634765625 0.38055555555555554 0.02890625 0.044444444444444446
0 0.677734375 0.39791666666666664 0.03203125 0.04583333333333333
0 0.693359375 0.36944444444444446 0.03046875 0.05555555555555555
3 0.5296875 0.3715277777777778 0.1015625 0.1375
3 0.58984375 0.3451388888888889 0.075 0.11527777777777778
5 0.10078125 0.38819444444444445 0.021875 0.0763888888888889
5 0.978125 0.42569444444444443 0.0203125 0.06805555555555555
5 0.9359375 0.41597222222222224 0.01875 0.0625
5 0.878125 0.3375 0.0125 0.03611111111111111
5 0.394921875 0.31805555555555554 0.01328125 0.05
