0 0.101953125 0.35833333333333334 0.11328125 0.125
0 0.6796875 0.31319444444444444 0.1640625 0.14583333333333334
0 0.046875 0.5840277777777778 0.09375 0.1625
0 0.21015625 0.7541666666666667 0.25 0.3138888888888889
0 0.492578125 0.12638888888888888 0.04296875 0.058333333333333334
0 0.384765625 0.1125 0.02578125 0.044444444444444446
5 0.05390625 0.9173611111111111 0.0796875 0.1625
5 0.019921875 0.9083333333333333 0.03984375 0.18055555555555555
5 0.20859375 0.24583333333333332 0.0140625 0.075
5 0.21796875 0.25833333333333336 0.015625 0.06666666666666667
5 0.5609375 0.19166666666666668 0.015625 0.07222222222222222
5 0.7046875 0.20069444444444445 0.0203125 0.08472222222222223
5 0.680859375 0.20069444444444445 0.02265625 0.07361111111111111
5 0.268359375 0.22777777777777777 0.02109375 0.08611111111111111
5 0.28359375 0.22708333333333333 0.015625 0.06527777777777778
5 0.387109375 0.20347222222222222 0.01796875 0.07083333333333333
5 0.362890625 0.20347222222222222 0.01484375 0.0763888888888889
5 0.32109375 0.20833333333333334 0.0203125 0.08611111111111111
5 0.3421875 0.20208333333333334 0.01875 0.0763888888888889
5 0.29765625 0.21944444444444444 0.0125 0.09166666666666666
