0 0.421875 0.2722222222222222 0.1046875 0.13333333333333333
0 0.91640625 0.5715277777777777 0.165625 0.2513888888888889
0 0.23359375 0.25625 0.103125 0.09861111111111111
0 0.17734375 0.20347222222222222 0.06875 0.0763888888888889
0 0.581640625 0.15555555555555556 0.08203125 0.075
0 0.684765625 0.1951388888888889 0.06796875 0.06805555555555555
0 0.94453125 0.36041666666666666 0.053125 0.0625
3 0.0703125 0.20347222222222222 0.0703125 0.08472222222222223
0 0.5390625 0.10347222222222222 0.0328125 0.0375
0 0.576171875 0.10972222222222222 0.02734375 0.03333333333333333
1 0.284765625 0.13055555555555556 0.17109375 0.13333333333333333
1 0.62421875 0.10625 0.0671875 0.08194444444444444
