5 0.8265625 0.5333333333333333 0.0484375 0.21666666666666667
5 0.8609375 0.5395833333333333 0.04375 0.20972222222222223
0 0.28515625 0.1527777777777778 0.040625 0.058333333333333334
0 0.240234375 0.1326388888888889 0.03046875 0.043055555555555555
0 0.280078125 0.12361111111111112 0.03359375 0.030555555555555555
0 0.326171875 0.13472222222222222 0.04296875 0.04722222222222222
0 0.35390625 0.1673611111111111 0.06875 0.07083333333333333
0 0.448046875 0.1597222222222222 0.08203125 0.07777777777777778
0 0.59296875 0.2013888888888889 0.0890625 0.06666666666666667
0 0.592578125 0.14652777777777778 0.04609375 0.05416666666666667
0 0.63828125 0.12291666666666666 0.046875 0.05416666666666667
0 0.64921875 0.16180555555555556 0.053125 0.05416666666666667
0 0.701953125 0.1375 0.03984375 0.06111111111111111
0 0.76171875 0.1486111111111111 0.0234375 0.03333333333333333
5 0.22265625 0.21180555555555555 0.015625 0.07083333333333333
5 0.23515625 0.20208333333333334 0.009375 0.06805555555555555
3 0.209765625 0.1125 0.03828125 0.06111111111111111
