0 0.366015625 0.17777777777777778 0.06015625 0.06388888888888888
0 0.336328125 0.14791666666666667 0.05546875 0.05138888888888889
0 0.240625 0.1375 0.034375 0.041666666666666664
0 0.265625 0.12083333333333333 0.0296875 0.041666666666666664
0 0.2953125 0.09305555555555556 0.03125 0.03611111111111111
0 0.20625 0.12430555555555556 0.025 0.0375
0 0.624609375 0.1638888888888889 0.05703125 0.04722222222222222
0 0.590234375 0.1361111111111111 0.05078125 0.044444444444444446
0 0.660546875 0.13333333333333333 0.02421875 0.03888888888888889
3 0.6921875 0.11458333333333333 0.053125 0.059722222222222225
