0 0.390625 0.3090277777777778 0.1109375 0.15138888888888888
0 0.36015625 0.3902777777777778 0.14375 0.21666666666666667
0 0.287109375 0.22083333333333333 0.08828125 0.10833333333333334
0 0.244921875 0.27708333333333335 0.09609375 0.1375
0 0.16796875 0.2125 0.053125 0.09166666666666666
0 0.06796875 0.13958333333333334 0.0328125 0.06527777777777778
0 0.090234375 0.09444444444444444 0.02734375 0.04722222222222222
0 0.11640625 0.14305555555555555 0.0375 0.058333333333333334
0 0.221875 0.17847222222222223 0.0546875 0.08194444444444444
0 0.181640625 0.1451388888888889 0.04296875 0.0625
0 0.15 0.13194444444444445 0.0265625 0.04722222222222222
3 0.13359375 0.09652777777777778 0.0515625 0.0763888888888889
0 0.176171875 0.07708333333333334 0.02265625 0.03194444444444444
0 0.21328125 0.08680555555555555 0.0296875 0.04027777777777778
0 0.265234375 0.10902777777777778 0.04296875 0.043055555555555555
0 0.455859375 0.19444444444444445 0.07734375 0.07222222222222222
0 0.72578125 0.3888888888888889 0.1203125 0.13055555555555556
