5 0.28671875 0.3590277777777778 0.0265625 0.08472222222222223
5 0.1640625 0.3993055555555556 0.0203125 0.07083333333333333
5 0.128515625 0.43333333333333335 0.02265625 0.08055555555555556
5 0.135546875 0.4013888888888889 0.01796875 0.06111111111111111
5 0.12890625 0.3645833333333333 0.015625 0.0375
5 0.146484375 0.36944444444444446 0.01015625 0.058333333333333334
5 0.158984375 0.36041666666666666 0.01171875 0.05694444444444444
5 0.173046875 0.33402777777777776 0.01328125 0.05138888888888889
5 0.140625 0.325 0.009375 0.044444444444444446
5 0.1328125 0.3277777777777778 0.0171875 0.044444444444444446
0 0.240625 0.2534722222222222 0.034375 0.043055555555555555
0 0.47109375 0.31527777777777777 0.0703125 0.08333333333333333
0 0.72421875 0.2722222222222222 0.0375 0.05
0 0.76953125 0.3159722222222222 0.0515625 0.05694444444444444
0 0.852734375 0.38333333333333336 0.07109375 0.09444444444444444
0 0.677734375 0.5166666666666667 0.12734375 0.19722222222222222
