5 0.206640625 0.6923611111111111 0.05234375 0.1736111111111111
5 0.13671875 0.46319444444444446 0.028125 0.10416666666666667
4 0.440625 0.20069444444444445 0.2125 0.06527777777777778
0 0.755859375 0.26180555555555557 0.04609375 0.05138888888888889
0 0.6796875 0.22569444444444445 0.0421875 0.05416666666666667
0 0.278125 0.26875 0.04375 0.04027777777777778
0 0.243359375 0.2361111111111111 0.02578125 0.03888888888888889
0 0.291796875 0.21597222222222223 0.02265625 0.03194444444444444
0 0.1734375 0.2534722222222222 0.03125 0.0375
0 0.259765625 0.22013888888888888 0.02578125 0.02361111111111111
4 0.57265625 0.16527777777777777 0.0453125 0.03611111111111111
