0 0.569140625 0.35208333333333336 0.14765625 0.11805555555555555
0 0.25546875 0.2826388888888889 0.121875 0.09305555555555556
0 0.02109375 0.2881944444444444 0.0421875 0.05694444444444444
0 0.469921875 0.1388888888888889 0.02265625 0.03611111111111111
5 0.589453125 0.26180555555555557 0.01328125 0.0763888888888889
5 0.4109375 0.24166666666666667 0.0203125 0.075
5 0.32578125 0.20208333333333334 0.0125 0.05694444444444444
5 0.30546875 0.2 0.0125 0.06388888888888888
5 0.278515625 0.1986111111111111 0.00859375 0.05
5 0.289453125 0.20277777777777778 0.01015625 0.05
5 0.26328125 0.20069444444444445 0.0140625 0.06527777777777778
4 0.111328125 0.1798611111111111 0.22265625 0.11805555555555555
