5 0.191796875 0.26180555555555557 0.02109375 0.08194444444444444
5 0.174609375 0.26805555555555555 0.02265625 0.08055555555555556
0 0.108984375 0.17083333333333334 0.03984375 0.04722222222222222
0 0.3203125 0.20972222222222223 0.096875 0.08333333333333333
0 0.455859375 0.12916666666666668 0.06484375 0.06666666666666667
0 0.51796875 0.21388888888888888 0.090625 0.08055555555555556
0 0.55390625 0.32569444444444445 0.0921875 0.13472222222222222
0 0.927734375 0.4111111111111111 0.10703125 0.13333333333333333
0 0.17578125 0.5243055555555556 0.1984375 0.28194444444444444
0 0.8703125 0.14305555555555555 0.0359375 0.041666666666666664
