0 0.096875 0.38680555555555557 0.121875 0.16805555555555557
0 0.296484375 0.19583333333333333 0.04765625 0.075
0 0.341015625 0.14444444444444443 0.05390625 0.05555555555555555
0 0.470703125 0.15902777777777777 0.08359375 0.059722222222222225
0 0.649609375 0.15625 0.04765625 0.05138888888888889
3 0.25703125 0.12569444444444444 0.0640625 0.08194444444444444
5 0.294921875 0.3638888888888889 0.02890625 0.1361111111111111
5 0.276953125 0.3145833333333333 0.02265625 0.09027777777777778
5 0.305859375 0.29375 0.02734375 0.10694444444444444
0 0.7265625 0.13333333333333333 0.025 0.044444444444444446
0 0.765625 0.14375 0.025 0.029166666666666667
