0 0.01484375 0.4513888888888889 0.0296875 0.11944444444444445
0 0.803515625 0.28402777777777777 0.09609375 0.09305555555555556
0 0.93046875 0.36666666666666664 0.0859375 0.10833333333333334
0 0.411328125 0.23333333333333334 0.08671875 0.07777777777777778
0 0.418359375 0.16805555555555557 0.04921875 0.06111111111111111
0 0.38984375 0.14722222222222223 0.0421875 0.05555555555555555
0 0.42890625 0.11736111111111111 0.0265625 0.043055555555555555
0 0.50234375 0.1451388888888889 0.0328125 0.04027777777777778
0 0.509765625 0.10972222222222222 0.02421875 0.03888888888888889
1 0.41640625 0.0798611111111111 0.0421875 0.05416666666666667
