0 0.693359375 0.4722222222222222 0.11796875 0.18333333333333332
0 0.57578125 0.375 0.103125 0.11666666666666667
0 0.4109375 0.19305555555555556 0.03125 0.027777777777777776
0 0.3640625 0.20069444444444445 0.025 0.02361111111111111
5 0.18203125 0.6409722222222223 0.053125 0.15416666666666667
5 0.2515625 0.35138888888888886 0.0203125 0.07777777777777778
5 0.1953125 0.3729166666666667 0.021875 0.06805555555555555
5 0.175390625 0.37777777777777777 0.01640625 0.07222222222222222
5 0.16171875 0.3784722222222222 0.0140625 0.05694444444444444
5 0.14296875 0.38263888888888886 0.021875 0.05694444444444444
5 0.126953125 0.3909722222222222 0.02109375 0.05416666666666667
5 0.13515625 0.33125 0.0078125 0.04027777777777778
5 0.143359375 0.325 0.01328125 0.03611111111111111
5 0.11171875 0.30416666666666664 0.0109375 0.022222222222222223
5 0.117578125 0.3020833333333333 0.00859375 0.03194444444444444
