3 0.41640625 0.43819444444444444 0.2203125 0.2625
0 0.6765625 0.5847222222222223 0.0875 0.13333333333333333
0 0.578515625 0.8513888888888889 0.17421875 0.29444444444444445
0 0.3921875 0.7965277777777777 0.15625 0.29583333333333334
0 0.304296875 0.6993055555555555 0.16640625 0.24861111111111112
0 0.56484375 0.5659722222222222 0.08125 0.11527777777777778
0 0.494921875 0.5111111111111111 0.07734375 0.14166666666666666
0 0.562109375 0.4465277777777778 0.05234375 0.08472222222222223
0 0.625390625 0.47152777777777777 0.06015625 0.09027777777777778
0 0.706640625 0.4861111111111111 0.05546875 0.07777777777777778
0 0.720703125 0.4263888888888889 0.05390625 0.06388888888888888
0 0.59921875 0.40208333333333335 0.0375 0.059722222222222225
0 0.57734375 0.3840277777777778 0.0375 0.05694444444444444
0 0.537890625 0.40625 0.03359375 0.06805555555555555
0 0.653515625 0.41458333333333336 0.03984375 0.06805555555555555
0 0.672265625 0.3958333333333333 0.03359375 0.058333333333333334
0 0.691015625 0.375 0.03203125 0.04722222222222222
0 0.737109375 0.40555555555555556 0.03984375 0.06666666666666667
0 0.70703125 0.35347222222222224 0.0265625 0.04861111111111111
5 0.940234375 0.41597222222222224 0.01640625 0.07083333333333333
5 0.9640625 0.4166666666666667 0.0171875 0.06666666666666667
5 0.1171875 0.3729166666666667 0.021875 0.07083333333333333
