3 0.758984375 0.14722222222222223 0.04140625 0.07222222222222222
0 0.404296875 0.15208333333333332 0.07109375 0.0625
0 0.500390625 0.12361111111111112 0.04921875 0.04722222222222222
0 0.5453125 0.16041666666666668 0.0421875 0.05416666666666667
0 0.578125 0.13402777777777777 0.040625 0.05416666666666667
0 0.662890625 0.3194444444444444 0.12109375 0.15833333333333333
0 0.979296875 0.41875 0.03984375 0.09027777777777778
0 0.948828125 0.37083333333333335 0.06328125 0.06666666666666667
0 0.124609375 0.25277777777777777 0.08046875 0.1111111111111111
0 0.087890625 0.1840277777777778 0.04609375 0.04583333333333333
0 0.173046875 0.15208333333333332 0.04921875 0.05416666666666667
0 0.666796875 0.10625 0.03515625 0.04583333333333333
0 0.6328125 0.12222222222222222 0.0328125 0.03611111111111111
