5 0.923828125 0.14305555555555555 0.01328125 0.06111111111111111
5 0.975390625 0.2763888888888889 0.01640625 0.07777777777777778
0 0.347265625 0.45694444444444443 0.20546875 0.26944444444444443
4 0.09765625 0.1638888888888889 0.1953125 0.16944444444444445
5 0.209765625 0.1076388888888889 0.01796875 0.07083333333333333
0 0.571875 0.041666666666666664 0.046875 0.05277777777777778
0 0.621875 0.04722222222222222 0.034375 0.04722222222222222
0 0.661328125 0.10902777777777778 0.05078125 0.0625
0 0.687890625 0.09236111111111112 0.03828125 0.059722222222222225
0 0.6984375 0.058333333333333334 0.03125 0.05277777777777778
0 0.726171875 0.05625 0.02421875 0.0375
