5 0.08671875 0.9048611111111111 0.0921875 0.1875
5 0.164453125 0.28194444444444444 0.02734375 0.10833333333333334
5 0.208984375 0.2569444444444444 0.02734375 0.07222222222222222
5 0.2515625 0.25069444444444444 0.0203125 0.0875
5 0.271875 0.2152777777777778 0.0171875 0.06666666666666667
5 0.28671875 0.23541666666666666 0.0171875 0.0875
5 0.722265625 0.2111111111111111 0.02734375 0.08055555555555556
5 0.544140625 0.18819444444444444 0.03515625 0.08472222222222223
5 0.973046875 0.3173611111111111 0.03046875 0.06527777777777778
0 0.380859375 0.10277777777777777 0.03671875 0.04722222222222222
0 0.494921875 0.12986111111111112 0.04453125 0.0625
0 0.4640625 0.09652777777777778 0.025 0.04027777777777778
