5 0.070703125 0.23958333333333334 0.01953125 0.0763888888888889
0 0.209375 0.20069444444444445 0.0734375 0.06805555555555555
0 0.1890625 0.11597222222222223 0.0453125 0.04027777777777778
0 0.153125 0.11736111111111111 0.0296875 0.034722222222222224
0 0.429296875 0.12986111111111112 0.07109375 0.06527777777777778
0 0.4828125 0.12986111111111112 0.0515625 0.05138888888888889
0 0.593359375 0.18541666666666667 0.08359375 0.07083333333333333
0 0.374609375 0.2152777777777778 0.10234375 0.08055555555555556
0 0.7109375 0.17152777777777778 0.0421875 0.05138888888888889
0 0.766796875 0.17777777777777778 0.03984375 0.06111111111111111
0 0.8015625 0.17916666666666667 0.03125 0.04722222222222222
0 0.828515625 0.17847222222222223 0.02578125 0.034722222222222224
0 0.86875 0.15138888888888888 0.0375 0.04722222222222222
