1 0.052734375 0.25625 0.10546875 0.15138888888888888
5 0.26953125 0.1736111111111111 0.0125 0.044444444444444446
5 0.280078125 0.17222222222222222 0.01171875 0.044444444444444446
0 0.16796875 0.24583333333333332 0.0828125 0.08611111111111111
0 0.26796875 0.22916666666666666 0.0890625 0.075
0 0.325390625 0.2972222222222222 0.12734375 0.08611111111111111
0 0.458984375 0.21875 0.05859375 0.07083333333333333
0 0.50703125 0.18958333333333333 0.0328125 0.05138888888888889
0 0.485546875 0.15486111111111112 0.02890625 0.04027777777777778
0 0.500390625 0.3277777777777778 0.13671875 0.10277777777777777
0 0.684765625 0.39791666666666664 0.13515625 0.12083333333333333
0 0.956640625 0.5854166666666667 0.08515625 0.16527777777777777
