0 0.0453125 0.32430555555555557 0.090625 0.12638888888888888
0 0.105859375 0.1763888888888889 0.04140625 0.05277777777777778
0 0.39375 0.13472222222222222 0.0640625 0.06666666666666667
0 0.47578125 0.13333333333333333 0.0625 0.05555555555555555
0 0.56796875 0.09652777777777778 0.040625 0.04027777777777778
0 0.2390625 0.21805555555555556 0.1015625 0.10833333333333334
0 0.6953125 0.18680555555555556 0.0609375 0.06527777777777778
0 0.609765625 0.11875 0.03203125 0.05416666666666667
0 0.658984375 0.11388888888888889 0.02890625 0.044444444444444446
0 0.748828125 0.15555555555555556 0.02578125 0.041666666666666664
0 0.93671875 0.5305555555555556 0.115625 0.17777777777777778
0 0.96015625 0.3597222222222222 0.0640625 0.06666666666666667
0 0.9703125 0.4201388888888889 0.0578125 0.09305555555555556
0 0.03515625 0.2222222222222222 0.028125 0.06111111111111111
