0 0.812890625 0.6347222222222222 0.16796875 0.28888888888888886
0 0.671875 0.44583333333333336 0.10625 0.17777777777777778
0 0.55703125 0.3416666666666667 0.1015625 0.13055555555555556
0 0.418359375 0.2951388888888889 0.07578125 0.07361111111111111
5 0.235546875 0.9534722222222223 0.06015625 0.09027777777777778
5 0.137890625 0.88125 0.06015625 0.16805555555555557
5 0.033984375 0.7840277777777778 0.03984375 0.12916666666666668
5 0.1421875 0.5965277777777778 0.028125 0.13472222222222222
5 0.173046875 0.5611111111111111 0.03671875 0.12222222222222222
5 0.176171875 0.44305555555555554 0.02109375 0.07777777777777778
5 0.096484375 0.4701388888888889 0.02578125 0.0763888888888889
