0 0.219921875 0.37569444444444444 0.17109375 0.1597222222222222
0 0.025390625 0.3854166666666667 0.05078125 0.09861111111111111
0 0.652734375 0.3145833333333333 0.19140625 0.15138888888888888
0 0.13359375 0.6145833333333334 0.25 0.2708333333333333
0 0.720703125 0.8743055555555556 0.34296875 0.24861111111111112
3 0.958203125 0.4513888888888889 0.08203125 0.30277777777777776
0 0.907421875 0.3486111111111111 0.11796875 0.12777777777777777
0 0.383203125 0.10208333333333333 0.04140625 0.05138888888888889
5 0.2796875 0.24722222222222223 0.025 0.08055555555555556
5 0.26328125 0.22430555555555556 0.0265625 0.07916666666666666
