5 0.09609375 0.8861111111111111 0.0828125 0.17222222222222222
5 0.084375 0.9638888888888889 0.0265625 0.06944444444444445
5 0.175 0.26458333333333334 0.01875 0.07083333333333333
5 0.203515625 0.26805555555555555 0.02109375 0.075
5 0.228125 0.25555555555555554 0.015625 0.08611111111111111
5 0.269921875 0.2611111111111111 0.01640625 0.08333333333333333
5 0.3171875 0.21875 0.0234375 0.08194444444444444
5 0.248828125 0.23194444444444445 0.01328125 0.075
5 0.58046875 0.19236111111111112 0.0171875 0.06805555555555555
5 0.68125 0.19583333333333333 0.01875 0.06666666666666667
0 0.498828125 0.2152777777777778 0.06796875 0.09444444444444444
0 0.406640625 0.22916666666666666 0.06171875 0.08333333333333333
0 0.43828125 0.08333333333333333 0.0359375 0.03611111111111111
0 0.413671875 0.15833333333333333 0.04296875 0.05277777777777778
0 0.401953125 0.12916666666666668 0.03359375 0.041666666666666664
0 0.40234375 0.07708333333333334 0.0203125 0.020833333333333332
0 0.490234375 0.125 0.04140625 0.05277777777777778
0 0.378125 0.07291666666666667 0.0234375 0.029166666666666667
