0 0.279296875 0.9284722222222223 0.22421875 0.14027777777777778
0 0.56328125 0.83125 0.1796875 0.31527777777777777
0 0.421875 0.7888888888888889 0.134375 0.22777777777777777
0 0.50703125 0.6173611111111111 0.128125 0.2263888888888889
0 0.65078125 0.6423611111111112 0.103125 0.15138888888888888
0 0.6875 0.5173611111111112 0.0796875 0.1375
0 0.712109375 0.4618055555555556 0.05546875 0.08472222222222223
0 0.8140625 0.3076388888888889 0.0203125 0.029166666666666667
0 0.78203125 0.28680555555555554 0.0171875 0.03194444444444444
0 0.8 0.27847222222222223 0.0125 0.02361111111111111
3 0.56796875 0.47708333333333336 0.1671875 0.24583333333333332
