1 0.552734375 0.3909722222222222 0.27578125 0.4708333333333333
0 0.83359375 0.36180555555555555 0.0234375 0.06805555555555555
0 0.246875 0.5548611111111111 0.2328125 0.3236111111111111
0 0.047265625 0.5104166666666666 0.09453125 0.19583333333333333
0 0.273046875 0.3076388888888889 0.13203125 0.12916666666666668
0 0.321484375 0.18888888888888888 0.05546875 0.06666666666666667
0 0.725390625 0.19652777777777777 0.03046875 0.05694444444444444
0 0.028125 0.2048611111111111 0.021875 0.04583333333333333
0 0.114453125 0.18541666666666667 0.03203125 0.04027777777777778
0 0.162109375 0.15555555555555556 0.03046875 0.027777777777777776
0 0.97734375 0.4166666666666667 0.04375 0.07222222222222222
0 0.955859375 0.3763888888888889 0.03828125 0.05
0 0.9421875 0.3541666666666667 0.040625 0.044444444444444446
0 0.53515625 0.10694444444444444 0.03125 0.03611111111111111
0 0.575390625 0.10972222222222222 0.02578125 0.03333333333333333
0 0.602734375 0.11666666666666667 0.01796875 0.04722222222222222
0 0.74375 0.16805555555555557 0.01875 0.027777777777777776
0 0.7 0.15763888888888888 0.0265625 0.04583333333333333
0 0.0734375 0.18680555555555556 0.0234375 0.05416666666666667
0 0.09609375 0.17222222222222222 0.0265625 0.058333333333333334
