0 0.524609375 0.43194444444444446 0.16953125 0.14722222222222223
0 0.899609375 0.5256944444444445 0.12265625 0.15694444444444444
0 0.840625 0.3458333333333333 0.096875 0.13333333333333333
0 0.564453125 0.18194444444444444 0.07109375 0.075
0 0.469921875 0.11388888888888889 0.03984375 0.030555555555555555
0 0.050390625 0.7479166666666667 0.10078125 0.2513888888888889
0 0.419921875 0.11736111111111111 0.02734375 0.03194444444444444
0 0.3765625 0.11597222222222223 0.0265625 0.05416666666666667
0 0.438671875 0.0763888888888889 0.01796875 0.025
0 0.406640625 0.08541666666666667 0.03203125 0.05416666666666667
