5 0.2828125 0.4909722222222222 0.05 0.18194444444444444
5 0.93515625 0.8361111111111111 0.0765625 0.25833333333333336
0 0.29453125 0.20555555555555555 0.05 0.075
0 0.23828125 0.13194444444444445 0.03125 0.03888888888888889
0 0.25625 0.12083333333333333 0.03125 0.03888888888888889
0 0.2203125 0.11388888888888889 0.0203125 0.025
0 0.190234375 0.15138888888888888 0.03984375 0.044444444444444446
0 0.60546875 0.1451388888888889 0.0421875 0.0375
0 0.63828125 0.1361111111111111 0.0359375 0.044444444444444446
0 0.669140625 0.12708333333333333 0.02890625 0.03194444444444444
0 0.7046875 0.14722222222222223 0.0328125 0.05
