0 0.509765625 0.19166666666666668 0.09609375 0.09444444444444444
0 0.644921875 0.15694444444444444 0.04609375 0.04722222222222222
0 0.6859375 0.17291666666666666 0.0484375 0.05416666666666667
0 0.730859375 0.13819444444444445 0.02265625 0.0375
0 0.349609375 0.17708333333333334 0.06640625 0.0625
5 0.3984375 0.12986111111111112 0.015625 0.05416666666666667
0 0.275390625 0.15625 0.03828125 0.04027777777777778
0 0.23046875 0.125 0.034375 0.058333333333333334
0 0.203125 0.12361111111111112 0.0203125 0.025
1 0.285546875 0.11458333333333333 0.06640625 0.07083333333333333
