0 0.230078125 0.5451388888888888 0.13671875 0.2013888888888889
5 0.083984375 0.5201388888888889 0.03046875 0.10138888888888889
5 0.169921875 0.34791666666666665 0.01796875 0.05694444444444444
5 0.153515625 0.3263888888888889 0.01171875 0.04722222222222222
0 0.612109375 0.41944444444444445 0.10234375 0.14166666666666666
0 0.438671875 0.29791666666666666 0.06640625 0.07083333333333333
0 0.337890625 0.2701388888888889 0.05078125 0.059722222222222225
0 0.903125 0.3861111111111111 0.053125 0.075
0 0.976171875 0.4895833333333333 0.04609375 0.10138888888888889
0 0.812890625 0.3416666666666667 0.06328125 0.08055555555555556
0 0.715234375 0.27152777777777776 0.03984375 0.04583333333333333
0 0.720703125 0.23680555555555555 0.03671875 0.04583333333333333
0 0.664453125 0.2326388888888889 0.03203125 0.03194444444444444
0 0.562109375 0.2708333333333333 0.05546875 0.08611111111111111
