0 0.04453125 0.29791666666666666 0.071875 0.08472222222222223
0 0.0953125 0.25 0.0640625 0.075
5 0.023828125 0.23055555555555557 0.01328125 0.05277777777777778
5 0.480859375 0.2548611111111111 0.02421875 0.0763888888888889
5 0.870703125 0.36875 0.01796875 0.0625
0 0.63125 0.3715277777777778 0.140625 0.11805555555555555
0 0.944921875 0.5673611111111111 0.10859375 0.1625
0 0.4421875 0.20625 0.071875 0.0763888888888889
0 0.49921875 0.19722222222222222 0.034375 0.06111111111111111
0 0.4859375 0.16111111111111112 0.03125 0.041666666666666664
0 0.46953125 0.14305555555555555 0.03125 0.03333333333333333
5 0.273828125 0.17222222222222222 0.01171875 0.05277777777777778
5 0.201171875 0.16527777777777777 0.01328125 0.041666666666666664
