5 0.40390625 0.3548611111111111 0.0328125 0.14027777777777778
5 0.230078125 0.24305555555555555 0.02109375 0.07222222222222222
5 0.20234375 0.2604166666666667 0.0171875 0.0763888888888889
5 0.1875 0.26319444444444445 0.015625 0.07361111111111111
0 0.317578125 0.13125 0.05078125 0.06805555555555555
0 0.28359375 0.12777777777777777 0.0296875 0.03611111111111111
0 0.2671875 0.1451388888888889 0.0296875 0.05138888888888889
0 0.24609375 0.13472222222222222 0.03125 0.04722222222222222
0 0.227734375 0.12916666666666668 0.02265625 0.03611111111111111
0 0.201171875 0.12152777777777778 0.02265625 0.03194444444444444
5 0.84765625 0.325 0.0265625 0.10277777777777777
