5 0.077734375 0.5979166666666667 0.03515625 0.15138888888888888
5 0.14453125 0.3861111111111111 0.01875 0.07777777777777778
5 0.13046875 0.3263888888888889 0.0171875 0.06388888888888888
3 0.264453125 0.275 0.09453125 0.10277777777777777
3 0.21171875 0.2361111111111111 0.075 0.08055555555555556
0 0.2578125 0.5076388888888889 0.184375 0.30416666666666664
0 0.3359375 0.24722222222222223 0.046875 0.041666666666666664
0 0.409765625 0.2388888888888889 0.05703125 0.044444444444444446
0 0.470703125 0.2326388888888889 0.05234375 0.043055555555555555
0 0.52421875 0.24027777777777778 0.0578125 0.044444444444444446
0 0.5453125 0.3576388888888889 0.1046875 0.11527777777777778
0 0.683203125 0.4798611111111111 0.11953125 0.18472222222222223
0 0.820703125 0.6583333333333333 0.15546875 0.3277777777777778
4 0.7 0.2861111111111111 0.18125 0.20555555555555555
