0 0.055078125 0.5173611111111112 0.09609375 0.15416666666666667
5 0.02421875 0.9395833333333333 0.04375 0.10416666666666667
5 0.948046875 0.5166666666666667 0.03203125 0.09722222222222222
5 0.9140625 0.47291666666666665 0.0203125 0.09861111111111111
5 0.93203125 0.41805555555555557 0.0296875 0.08333333333333333
5 0.608984375 0.23472222222222222 0.02265625 0.08333333333333333
5 0.637109375 0.17916666666666667 0.01796875 0.075
5 0.5265625 0.2013888888888889 0.0171875 0.06666666666666667
5 0.4640625 0.15833333333333333 0.0140625 0.05277777777777778
5 0.514453125 0.13125 0.01328125 0.05138888888888889
5 0.470703125 0.1388888888888889 0.00703125 0.04722222222222222
5 0.47890625 0.14097222222222222 0.0078125 0.05138888888888889
5 0.4875 0.1527777777777778 0.009375 0.041666666666666664
0 0.416015625 0.10833333333333334 0.02890625 0.05
0 0.45859375 0.10555555555555556 0.0328125 0.05
0 0.476171875 0.052083333333333336 0.01796875 0.03194444444444444
0 0.65625 0.12013888888888889 0.05625 0.05416666666666667
0 0.70703125 0.11875 0.040625 0.04583333333333333
0 0.720703125 0.10208333333333333 0.04296875 0.04027777777777778
