0 0.665625 0.6902777777777778 0.165625 0.2972222222222222
0 0.826953125 0.6888888888888889 0.16015625 0.2777777777777778
0 0.67734375 0.46458333333333335 0.1203125 0.1625
0 0.5703125 0.36527777777777776 0.1 0.13333333333333333
0 0.4921875 0.32569444444444445 0.0765625 0.09027777777777778
0 0.423046875 0.30416666666666664 0.05703125 0.06666666666666667
0 0.362890625 0.2722222222222222 0.05234375 0.06666666666666667
0 0.308203125 0.2708333333333333 0.04296875 0.041666666666666664
0 0.253125 0.25069444444444444 0.03125 0.0375
0 0.361328125 0.20277777777777778 0.04296875 0.03333333333333333
5 0.253125 0.8395833333333333 0.053125 0.17083333333333334
5 0.21796875 0.8263888888888888 0.0578125 0.175
5 0.18046875 0.8597222222222223 0.05625 0.175
5 0.117578125 0.85 0.06015625 0.17222222222222222
5 0.181640625 0.4791666666666667 0.02265625 0.08611111111111111
5 0.16171875 0.49166666666666664 0.0203125 0.08888888888888889
5 0.158203125 0.41597222222222224 0.02109375 0.06805555555555555
5 0.19296875 0.3854166666666667 0.0203125 0.07361111111111111
5 0.1734375 0.3840277777777778 0.0171875 0.06805555555555555
5 0.173828125 0.34444444444444444 0.02109375 0.04722222222222222
