0 0.151953125 0.3236111111111111 0.11484375 0.12222222222222222
0 0.07734375 0.5006944444444444 0.1546875 0.20694444444444443
0 0.6140625 0.23333333333333334 0.0703125 0.09166666666666666
0 0.711328125 0.22152777777777777 0.03671875 0.06527777777777778
0 0.6515625 0.11875 0.028125 0.0375
0 0.82734375 0.24583333333333332 0.0609375 0.07777777777777778
0 0.915234375 0.3013888888888889 0.05859375 0.06388888888888888
0 0.9453125 0.3819444444444444 0.05625 0.08055555555555556
0 0.93359375 0.34444444444444444 0.053125 0.05
0 0.204296875 0.1361111111111111 0.03828125 0.041666666666666664
0 0.16640625 0.15416666666666667 0.04375 0.03888888888888889
0 0.1109375 0.1909722222222222 0.0328125 0.04583333333333333
0 0.083984375 0.18055555555555555 0.02578125 0.03888888888888889
1 0.040625 0.16666666666666666 0.0359375 0.06388888888888888
3 0.11484375 0.14027777777777778 0.065625 0.07222222222222222
0 0.073046875 0.17569444444444443 0.02109375 0.04861111111111111
0 0.61875 0.09652777777777778 0.0265625 0.029166666666666667
0 0.75859375 0.15416666666666667 0.0203125 0.025
5 0.03046875 0.2902777777777778 0.0203125 0.08055555555555556
