0 0.331640625 0.6895833333333333 0.31796875 0.2708333333333333
0 0.158203125 0.3659722222222222 0.11171875 0.10972222222222222
0 0.02734375 0.38333333333333336 0.053125 0.11666666666666667
0 0.506640625 0.23541666666666666 0.08203125 0.12361111111111112
0 0.382421875 0.10833333333333334 0.02265625 0.04722222222222222
0 0.496484375 0.12152777777777778 0.03671875 0.05416666666666667
0 0.469140625 0.10208333333333333 0.03359375 0.059722222222222225
5 0.190625 0.25763888888888886 0.025 0.09027777777777778
5 0.253125 0.24166666666666667 0.01875 0.08333333333333333
5 0.237109375 0.23819444444444443 0.02265625 0.0763888888888889
5 0.221484375 0.2298611111111111 0.03671875 0.08472222222222223
5 0.20546875 0.25277777777777777 0.0203125 0.07222222222222222
