0 0.81328125 0.6451388888888889 0.253125 0.23194444444444445
0 0.948046875 0.35347222222222224 0.08515625 0.10138888888888889
0 0.129296875 0.35625 0.10859375 0.11527777777777778
0 0.408984375 0.1736111111111111 0.04453125 0.08333333333333333
0 0.49296875 0.1284722222222222 0.0375 0.04583333333333333
0 0.40859375 0.09027777777777778 0.021875 0.027777777777777776
0 0.397265625 0.07013888888888889 0.01796875 0.020833333333333332
0 0.438671875 0.08194444444444444 0.03671875 0.044444444444444446
5 0.297265625 0.21458333333333332 0.01796875 0.06805555555555555
5 0.221484375 0.2548611111111111 0.01484375 0.06805555555555555
