5 0.77578125 0.25416666666666665 0.028125 0.075
5 0.123828125 0.21666666666666667 0.01796875 0.044444444444444446
0 0.38125 0.14583333333333334 0.03125 0.06388888888888888
0 0.386328125 0.2152777777777778 0.04921875 0.08611111111111111
0 0.25546875 0.42916666666666664 0.1578125 0.3055555555555556
0 0.638671875 0.44722222222222224 0.13671875 0.24444444444444444
0 0.797265625 0.5138888888888888 0.15078125 0.20555555555555555
0 0.948828125 0.6659722222222222 0.10078125 0.20694444444444443
0 0.986328125 0.4861111111111111 0.02578125 0.09722222222222222
0 0.67578125 0.10972222222222222 0.0484375 0.05277777777777778
0 0.7234375 0.09930555555555555 0.040625 0.04583333333333333
