0 0.612109375 0.4131944444444444 0.10703125 0.1597222222222222
0 0.7421875 0.34930555555555554 0.0671875 0.12083333333333333
0 0.61484375 0.25763888888888886 0.0671875 0.16805555555555557
0 0.546484375 0.2520833333333333 0.05234375 0.08472222222222223
0 0.53671875 0.17847222222222223 0.040625 0.06805555555555555
0 0.502734375 0.15208333333333332 0.03984375 0.05416666666666667
0 0.477734375 0.11805555555555555 0.02734375 0.05
0 0.67734375 0.12361111111111112 0.0484375 0.04722222222222222
0 0.415625 0.10277777777777777 0.03125 0.03333333333333333
0 0.377734375 0.11041666666666666 0.02265625 0.03194444444444444
0 0.462109375 0.1076388888888889 0.02109375 0.03194444444444444
0 0.451953125 0.09583333333333334 0.02265625 0.030555555555555555
0 0.44375 0.08055555555555556 0.0234375 0.025
5 0.916015625 0.8784722222222222 0.06328125 0.1625
5 0.96953125 0.9430555555555555 0.0453125 0.1111111111111111
5 0.900390625 0.6854166666666667 0.04140625 0.1125
5 0.851953125 0.6020833333333333 0.03515625 0.15138888888888888
5 0.89140625 0.5388888888888889 0.0234375 0.1361111111111111
5 0.88984375 0.3388888888888889 0.0125 0.08333333333333333
5 0.8375 0.3763888888888889 0.0171875 0.08888888888888889
5 0.83828125 0.3090277777777778 0.021875 0.08472222222222223
5 0.77109375 0.2722222222222222 0.021875 0.07777777777777778
5 0.657421875 0.21805555555555556 0.00703125 0.05555555555555555
5 0.653125 0.1951388888888889 0.015625 0.04861111111111111
5 0.588671875 0.20625 0.01640625 0.07361111111111111
