0 0.591796875 0.225 0.07109375 0.10833333333333334
5 0.875390625 0.7305555555555555 0.05546875 0.19722222222222222
0 0.359765625 0.1673611111111111 0.07578125 0.07361111111111111
0 0.118359375 0.18263888888888888 0.03359375 0.05416666666666667
0 0.030859375 0.24305555555555555 0.03359375 0.05555555555555555
0 0.06953125 0.18055555555555555 0.025 0.03888888888888889
0 0.04296875 0.1798611111111111 0.021875 0.03194444444444444
0 0.96640625 0.3923611111111111 0.0484375 0.07361111111111111
0 0.940625 0.3527777777777778 0.053125 0.08055555555555556
0 0.721484375 0.18819444444444444 0.03359375 0.05694444444444444
0 0.6671875 0.10625 0.0203125 0.029166666666666667
0 0.62890625 0.10069444444444445 0.0375 0.05138888888888889
0 0.705859375 0.1111111111111111 0.01328125 0.025
0 0.72890625 0.11597222222222223 0.0140625 0.02361111111111111
0 0.011328125 0.19583333333333333 0.01640625 0.025
0 0.154296875 0.26180555555555557 0.08671875 0.1375
