2 0.46640625 0.7048611111111112 0.5875 0.5875
0 0.798828125 0.6743055555555556 0.19453125 0.30694444444444446
0 0.824609375 0.8659722222222223 0.20390625 0.25416666666666665
0 0.394140625 0.3034722222222222 0.14609375 0.19305555555555556
0 0.26484375 0.20694444444444443 0.090625 0.14166666666666666
0 0.20625 0.26319444444444445 0.0890625 0.12361111111111112
0 0.121484375 0.2722222222222222 0.07265625 0.10833333333333334
0 0.09140625 0.21041666666666667 0.0484375 0.08472222222222223
0 0.170703125 0.14166666666666666 0.04765625 0.07222222222222222
0 0.14296875 0.12361111111111112 0.034375 0.058333333333333334
0 0.09375 0.11597222222222223 0.0296875 0.05416666666666667
