0 0.259765625 0.5 0.10859375 0.1111111111111111
0 0.090625 0.7236111111111111 0.18125 0.2361111111111111
0 0.251171875 0.7715277777777778 0.17109375 0.19027777777777777
0 0.082421875 0.9243055555555556 0.16015625 0.1486111111111111
0 0.4390625 0.7875 0.1578125 0.225
0 0.56640625 0.8444444444444444 0.153125 0.21388888888888888
0 0.258984375 0.9111111111111111 0.21796875 0.175
0 0.283984375 0.6027777777777777 0.10703125 0.15555555555555556
0 0.362890625 0.6361111111111111 0.10859375 0.16111111111111112
0 0.361328125 0.53125 0.08515625 0.14583333333333334
0 0.4515625 0.40347222222222223 0.05 0.0625
0 0.427734375 0.4777777777777778 0.06484375 0.09444444444444444
0 0.43515625 0.5631944444444444 0.090625 0.12916666666666668
0 0.50703125 0.61875 0.1125 0.18194444444444444
0 0.643359375 0.70625 0.11171875 0.16527777777777777
0 0.673046875 0.5805555555555556 0.08046875 0.14722222222222223
0 0.571484375 0.55625 0.06640625 0.09861111111111111
0 0.50078125 0.4222222222222222 0.0515625 0.09444444444444444
0 0.545703125 0.3645833333333333 0.03359375 0.05416666666666667
0 0.6140625 0.49444444444444446 0.0625 0.09444444444444444
0 0.70234375 0.5263888888888889 0.0609375 0.09166666666666666
0 0.712109375 0.4722222222222222 0.05546875 0.08055555555555556
3 0.636328125 0.4166666666666667 0.09609375 0.16111111111111112
0 0.648828125 0.31875 0.02109375 0.03194444444444444
0 0.691796875 0.37083333333333335 0.02578125 0.041666666666666664
0 0.699609375 0.3576388888888889 0.03046875 0.04861111111111111
0 0.715625 0.3333333333333333 0.021875 0.03611111111111111
0 0.71953125 0.42777777777777776 0.04375 0.058333333333333334
0 0.728515625 0.4076388888888889 0.02890625 0.04583333333333333
0 0.740234375 0.3819444444444444 0.02578125 0.041666666666666664
0 0.746484375 0.36666666666666664 0.02734375 0.04722222222222222
0 0.7421875 0.34444444444444444 0.0203125 0.03888888888888889
0 0.728515625 0.3125 0.01796875 0.030555555555555555
0 0.64140625 0.29305555555555557 0.0328125 0.044444444444444446
