0 0.108203125 0.49722222222222223 0.16328125 0.16111111111111112
0 0.8984375 0.3486111111111111 0.1015625 0.1111111111111111
0 0.427734375 0.15833333333333333 0.04140625 0.041666666666666664
0 0.444140625 0.13402777777777777 0.03359375 0.04027777777777778
0 0.433203125 0.1076388888888889 0.02578125 0.03194444444444444
0 0.498828125 0.12916666666666668 0.03828125 0.044444444444444446
5 0.16640625 0.3145833333333333 0.0234375 0.08194444444444444
5 0.062109375 0.3111111111111111 0.02265625 0.075
5 0.313671875 0.22152777777777777 0.02109375 0.0625
5 0.401171875 0.2 0.01796875 0.06666666666666667
5 0.828515625 0.29305555555555557 0.02578125 0.09166666666666666
5 0.322265625 0.14166666666666666 0.01640625 0.05
5 0.3390625 0.1451388888888889 0.0125 0.04861111111111111
0 0.381640625 0.10902777777777778 0.02734375 0.04861111111111111
