5 0.341796875 0.8402777777777778 0.07109375 0.2
5 0.141015625 0.41041666666666665 0.01796875 0.08194444444444444
5 0.16875 0.3951388888888889 0.021875 0.0763888888888889
0 0.19375 0.5986111111111111 0.15625 0.2361111111111111
5 0.2296875 0.38958333333333334 0.015625 0.08472222222222223
4 0.838671875 0.5020833333333333 0.32109375 0.6180555555555556
0 0.78671875 0.6430555555555556 0.15 0.275
0 0.649609375 0.4326388888888889 0.10078125 0.1625
0 0.558984375 0.3659722222222222 0.08046875 0.10416666666666667
0 0.49921875 0.3138888888888889 0.065625 0.08611111111111111
0 0.4265625 0.29930555555555555 0.065625 0.059722222222222225
0 0.369921875 0.2847222222222222 0.05703125 0.05555555555555555
0 0.32890625 0.26875 0.040625 0.04861111111111111
0 0.28671875 0.2625 0.0328125 0.041666666666666664
0 0.6578125 0.21805555555555556 0.021875 0.03888888888888889
3 0.466796875 0.175 0.07109375 0.03888888888888889
4 0.618359375 0.16666666666666666 0.03828125 0.03611111111111111
0 0.564453125 0.2722222222222222 0.05390625 0.08888888888888889
0 0.258203125 0.2611111111111111 0.03046875 0.03611111111111111
