0 0.946484375 0.5645833333333333 0.10078125 0.12916666666666668
0 0.753515625 0.41875 0.11640625 0.12916666666666668
0 0.501171875 0.3194444444444444 0.16015625 0.1361111111111111
0 0.279296875 0.2875 0.13046875 0.09444444444444444
0 0.083984375 0.2513888888888889 0.07265625 0.075
5 0.308203125 0.21458333333333332 0.01796875 0.05694444444444444
5 0.34375 0.2048611111111111 0.0125 0.0625
5 0.333203125 0.18125 0.01328125 0.04861111111111111
5 0.488671875 0.24791666666666667 0.01640625 0.06805555555555555
5 0.816796875 0.3486111111111111 0.01640625 0.07222222222222222
0 0.5046875 0.18888888888888888 0.0265625 0.05
0 0.49140625 0.16458333333333333 0.021875 0.0375
0 0.473046875 0.14722222222222223 0.02265625 0.03888888888888889
4 0.133203125 0.1840277777777778 0.16953125 0.10694444444444444
4 0.9515625 0.38680555555555557 0.0953125 0.1625
