5 0.18046875 0.41388888888888886 0.0203125 0.08333333333333333
5 0.16328125 0.37916666666666665 0.01875 0.06666666666666667
5 0.13359375 0.36666666666666664 0.015625 0.06388888888888888
5 0.190625 0.6326388888888889 0.04375 0.15416666666666667
5 0.1953125 0.8402777777777778 0.0625 0.18055555555555555
5 0.084765625 0.8993055555555556 0.05390625 0.19027777777777777
5 0.03984375 0.8958333333333334 0.053125 0.19166666666666668
4 0.31484375 0.20833333333333334 0.1609375 0.08055555555555556
0 0.77265625 0.6291666666666667 0.15 0.2638888888888889
0 0.9671875 0.5194444444444445 0.0640625 0.1361111111111111
0 0.824609375 0.3611111111111111 0.06640625 0.08611111111111111
0 0.70390625 0.2590277777777778 0.04375 0.06527777777777778
0 0.65703125 0.22569444444444445 0.0265625 0.043055555555555555
0 0.619921875 0.19375 0.02421875 0.034722222222222224
