0 0.51328125 0.2263888888888889 0.1140625 0.08333333333333333
2 0.705078125 0.2013888888888889 0.11015625 0.11666666666666667
0 0.571875 0.16875 0.0734375 0.0625
0 0.321484375 0.19930555555555557 0.09609375 0.09027777777777778
0 0.184375 0.27291666666666664 0.115625 0.13194444444444445
3 0.06484375 0.18541666666666667 0.071875 0.09583333333333334
0 0.114453125 0.17430555555555555 0.03046875 0.05416666666666667
0 0.163671875 0.14583333333333334 0.04609375 0.06111111111111111
0 0.202734375 0.1284722222222222 0.04140625 0.05694444444444444
0 0.265625 0.10833333333333334 0.0421875 0.05
0 0.3046875 0.09513888888888888 0.03125 0.04027777777777778
0 0.39765625 0.11805555555555555 0.0578125 0.05
0 0.453515625 0.09375 0.05546875 0.043055555555555555
0 0.63984375 0.11736111111111111 0.0359375 0.04027777777777778
0 0.605078125 0.12013888888888889 0.03984375 0.04583333333333333
0 0.866015625 0.27569444444444446 0.06328125 0.0763888888888889
1 0.664453125 0.10069444444444445 0.05078125 0.0763888888888889
1 0.701171875 0.10486111111111111 0.04609375 0.05416666666666667
0 0.033203125 0.22777777777777777 0.02578125 0.041666666666666664
