0 0.044140625 0.6034722222222222 0.08828125 0.20416666666666666
0 0.016796875 0.4326388888888889 0.03359375 0.13472222222222222
0 0.153125 0.32430555555555557 0.1015625 0.12361111111111112
0 0.316796875 0.20347222222222222 0.07109375 0.07361111111111111
0 0.43671875 0.21805555555555556 0.06875 0.1
0 0.426953125 0.1451388888888889 0.05234375 0.06805555555555555
0 0.46640625 0.11666666666666667 0.025 0.05555555555555555
0 0.530859375 0.15138888888888888 0.05390625 0.058333333333333334
0 0.7 0.23541666666666666 0.0984375 0.08194444444444444
0 0.811328125 0.3590277777777778 0.10859375 0.11805555555555555
0 0.959765625 0.5215277777777778 0.07890625 0.15138888888888888
