0 0.181640625 0.6097222222222223 0.16953125 0.21944444444444444
0 0.36171875 0.425 0.0828125 0.13055555555555556
0 0.58671875 0.37569444444444444 0.0984375 0.09583333333333334
0 0.391796875 0.29097222222222224 0.06015625 0.0625
0 0.51484375 0.23680555555555555 0.05625 0.04583333333333333
0 0.76328125 0.2847222222222222 0.040625 0.05555555555555555
0 0.738671875 0.2513888888888889 0.02734375 0.03333333333333333
0 0.708203125 0.24722222222222223 0.02890625 0.03333333333333333
0 0.68046875 0.22430555555555556 0.0171875 0.029166666666666667
0 0.666015625 0.20833333333333334 0.01328125 0.022222222222222223
0 0.3015625 0.24583333333333332 0.04375 0.03888888888888889
0 0.362109375 0.2013888888888889 0.03515625 0.03611111111111111
4 0.16640625 0.2611111111111111 0.021875 0.022222222222222223
4 0.569921875 0.16527777777777777 0.04296875 0.03333333333333333
5 0.12578125 0.475 0.01875 0.08888888888888889
5 0.14609375 0.47708333333333336 0.015625 0.07361111111111111
5 0.137890625 0.41597222222222224 0.01640625 0.04861111111111111
5 0.147265625 0.3506944444444444 0.01171875 0.05138888888888889
5 0.1375 0.35208333333333336 0.015625 0.05694444444444444
5 0.22578125 0.3368055555555556 0.0171875 0.059722222222222225
