5 0.0890625 0.25416666666666665 0.015625 0.06388888888888888
5 0.363671875 0.14166666666666666 0.01796875 0.05277777777777778
0 0.071875 0.22361111111111112 0.053125 0.06388888888888888
0 0.01328125 0.22083333333333333 0.025 0.041666666666666664
0 0.021484375 0.18541666666666667 0.02890625 0.04027777777777778
0 0.13515625 0.20416666666666666 0.053125 0.06388888888888888
0 0.190234375 0.11805555555555555 0.03671875 0.03611111111111111
0 0.1578125 0.11458333333333333 0.028125 0.034722222222222224
0 0.43359375 0.1326388888888889 0.0796875 0.07083333333333333
0 0.563671875 0.20277777777777778 0.12265625 0.12222222222222222
0 0.737890625 0.16527777777777777 0.04296875 0.06111111111111111
0 0.811328125 0.16111111111111112 0.03828125 0.05277777777777778
