3 0.40625 0.7020833333333333 0.31875 0.5236111111111111
3 0.1890625 0.7354166666666667 0.378125 0.5263888888888889
3 0.4921875 0.3972222222222222 0.153125 0.17222222222222222
3 0.618359375 0.36041666666666666 0.06796875 0.1125
3 0.85390625 0.35625 0.0484375 0.10138888888888889
3 0.715625 0.28125 0.0328125 0.0625
3 0.69296875 0.2590277777777778 0.0265625 0.06527777777777778
3 0.245703125 0.5069444444444444 0.29921875 0.23055555555555557
4 0.4109375 0.31875 0.190625 0.12916666666666668
0 0.94921875 0.8909722222222223 0.1 0.1875
0 0.951953125 0.5444444444444444 0.06796875 0.08888888888888889
0 0.242578125 0.9340277777777778 0.21484375 0.12916666666666668
0 0.49453125 0.9708333333333333 0.190625 0.05555555555555555
0 0.572265625 0.85625 0.16484375 0.2763888888888889
0 0.628125 0.7097222222222223 0.1015625 0.17222222222222222
0 0.662890625 0.6138888888888889 0.08671875 0.12777777777777777
0 0.694921875 0.5416666666666666 0.06171875 0.11944444444444445
0 0.56015625 0.56875 0.0515625 0.11805555555555555
0 0.585546875 0.5229166666666667 0.05859375 0.10416666666666667
0 0.619921875 0.48194444444444445 0.04140625 0.08888888888888889
0 0.644140625 0.44583333333333336 0.04609375 0.06666666666666667
0 0.596484375 0.4215277777777778 0.03671875 0.05694444444444444
0 0.558984375 0.4354166666666667 0.03828125 0.06527777777777778
0 0.658984375 0.4215277777777778 0.04609375 0.06805555555555555
0 0.710546875 0.47847222222222224 0.04765625 0.0763888888888889
0 0.72578125 0.4395833333333333 0.0421875 0.08194444444444444
0 0.73203125 0.40347222222222223 0.04375 0.05138888888888889
0 0.675390625 0.41180555555555554 0.03046875 0.06805555555555555
0 0.654296875 0.3625 0.02109375 0.05
0 0.680078125 0.3770833333333333 0.02890625 0.04027777777777778
0 0.734375 0.3798611111111111 0.0328125 0.029166666666666667
0 0.743359375 0.3451388888888889 0.02578125 0.04583333333333333
0 0.694921875 0.36944444444444446 0.02890625 0.044444444444444446
0 0.706640625 0.3527777777777778 0.02578125 0.041666666666666664
3 0.66953125 0.32708333333333334 0.0375 0.0625
0 0.80546875 0.3625 0.028125 0.041666666666666664
0 0.80390625 0.33402777777777776 0.0234375 0.029166666666666667
5 0.896875 0.3527777777777778 0.015625 0.03888888888888889
5 0.296875 0.34375 0.0140625 0.0375
