0 0.87265625 0.7909722222222222 0.2078125 0.38472222222222224
0 0.591015625 0.38819444444444445 0.09609375 0.12638888888888888
0 0.466015625 0.3138888888888889 0.06796875 0.075
0 0.347265625 0.275 0.06015625 0.05
0 0.281640625 0.25972222222222224 0.03515625 0.03888888888888889
0 0.80390625 0.33819444444444446 0.053125 0.06527777777777778
0 0.90390625 0.38055555555555554 0.05 0.06388888888888888
5 0.15859375 0.35208333333333336 0.0125 0.04861111111111111
5 0.17109375 0.34375 0.0125 0.04861111111111111
0 0.387109375 0.1986111111111111 0.03203125 0.03333333333333333
