0 0.918359375 0.5381944444444444 0.11171875 0.15416666666666667
0 0.515625 0.3368055555555556 0.1375 0.12083333333333333
0 0.275 0.23541666666666666 0.0984375 0.07083333333333333
0 0.08359375 0.2798611111111111 0.096875 0.09305555555555556
0 0.034375 0.2625 0.05625 0.06388888888888888
0 0.49296875 0.18958333333333333 0.0328125 0.05138888888888889
0 0.487109375 0.16111111111111112 0.02265625 0.03888888888888889
0 0.4671875 0.14375 0.021875 0.03194444444444444
0 0.45 0.13541666666666666 0.0203125 0.029166666666666667
5 0.59296875 0.275 0.0171875 0.07777777777777778
5 0.508203125 0.26180555555555557 0.01796875 0.0625
5 0.49140625 0.2638888888888889 0.0171875 0.06666666666666667
5 0.309375 0.17708333333333334 0.0171875 0.04583333333333333
5 0.83515625 0.36875 0.0171875 0.06527777777777778
5 0.9765625 0.4354166666666667 0.015625 0.06805555555555555
