0 0.105078125 0.3 0.10546875 0.15555555555555556
0 0.371875 0.12986111111111112 0.08125 0.10694444444444444
0 0.45078125 0.14444444444444443 0.0609375 0.058333333333333334
0 0.49140625 0.11666666666666667 0.0421875 0.04722222222222222
0 0.589453125 0.10138888888888889 0.03046875 0.03888888888888889
0 0.948046875 0.3527777777777778 0.05703125 0.07222222222222222
0 0.975390625 0.4152777777777778 0.04765625 0.06666666666666667
0 0.6703125 0.10277777777777777 0.021875 0.03333333333333333
0 0.71484375 0.1076388888888889 0.0203125 0.029166666666666667
0 0.01875 0.17777777777777778 0.0171875 0.03333333333333333
