0 0.454296875 0.1361111111111111 0.10234375 0.09444444444444444
0 0.2375 0.22152777777777777 0.0828125 0.07083333333333333
3 0.08203125 0.2076388888888889 0.0921875 0.12083333333333333
0 0.31015625 0.16180555555555556 0.0609375 0.05694444444444444
0 0.214453125 0.15069444444444444 0.04609375 0.04583333333333333
0 0.27421875 0.14166666666666666 0.0453125 0.041666666666666664
0 0.368359375 0.09305555555555556 0.04609375 0.05555555555555555
0 0.239453125 0.09722222222222222 0.03671875 0.03333333333333333
0 0.5421875 0.10416666666666667 0.028125 0.03888888888888889
0 0.571484375 0.11458333333333333 0.03359375 0.0375
0 0.6109375 0.12777777777777777 0.03125 0.03333333333333333
0 0.927734375 0.33541666666666664 0.04765625 0.06527777777777778
1 0.966796875 0.3541666666666667 0.06484375 0.11944444444444445
1 0.672265625 0.09791666666666667 0.03984375 0.06805555555555555
0 0.583203125 0.0798611111111111 0.02890625 0.04027777777777778
0 0.612109375 0.09305555555555556 0.02265625 0.044444444444444446
0 0.64375 0.12430555555555556 0.0234375 0.04583333333333333
