0 0.71015625 0.33541666666666664 0.1265625 0.16805555555555557
0 0.559765625 0.14930555555555555 0.03671875 0.06805555555555555
0 0.434375 0.1451388888888889 0.0671875 0.05138888888888889
0 0.3234375 0.15694444444444444 0.065625 0.058333333333333334
0 0.151953125 0.2604166666666667 0.11015625 0.10694444444444444
0 0.02734375 0.20833333333333334 0.0171875 0.030555555555555555
0 0.93671875 0.36944444444444446 0.0578125 0.075
0 0.923046875 0.33402777777777776 0.05390625 0.07083333333333333
0 0.96796875 0.35625 0.0421875 0.08194444444444444
0 0.208984375 0.13680555555555557 0.03671875 0.03194444444444444
0 0.76796875 0.14652777777777778 0.0171875 0.03194444444444444
