0 0.030859375 0.5909722222222222 0.06171875 0.20972222222222223
0 0.303515625 0.3090277777777778 0.15234375 0.1597222222222222
0 0.3453125 0.18055555555555555 0.059375 0.075
0 0.405859375 0.1736111111111111 0.04609375 0.06111111111111111
0 0.410546875 0.1284722222222222 0.03359375 0.04027777777777778
0 0.428125 0.10138888888888889 0.0234375 0.03888888888888889
0 0.46171875 0.12430555555555556 0.0296875 0.0375
0 0.444921875 0.14791666666666667 0.03671875 0.05138888888888889
0 0.468359375 0.175 0.05234375 0.06388888888888888
0 0.496875 0.1361111111111111 0.0328125 0.05
5 0.553125 0.28680555555555554 0.0171875 0.1125
5 0.5703125 0.29305555555555557 0.021875 0.10833333333333334
0 0.897265625 0.41875 0.11015625 0.14305555555555555
