0 0.335546875 0.3104166666666667 0.13203125 0.10138888888888889
0 0.329296875 0.23333333333333334 0.08984375 0.06666666666666667
0 0.01875 0.2923611111111111 0.0375 0.05138888888888889
0 0.018359375 0.2590277777777778 0.03671875 0.05138888888888889
0 0.485546875 0.20277777777777778 0.04765625 0.05555555555555555
0 0.49921875 0.17569444444444443 0.0265625 0.0375
0 0.475390625 0.15208333333333332 0.02265625 0.03194444444444444
0 0.459375 0.13680555555555557 0.015625 0.02361111111111111
5 0.27265625 0.20902777777777778 0.0140625 0.05138888888888889
5 0.28203125 0.19444444444444445 0.0109375 0.041666666666666664
5 0.298046875 0.19791666666666666 0.01328125 0.04861111111111111
5 0.320703125 0.19305555555555556 0.01328125 0.05
5 0.4671875 0.24166666666666667 0.0171875 0.06388888888888888
5 0.168359375 0.20902777777777778 0.01640625 0.05138888888888889
4 0.12734375 0.17777777777777778 0.2546875 0.11388888888888889
