5 0.2359375 0.36666666666666664 0.0375 0.14166666666666666
5 0.140625 0.25555555555555554 0.028125 0.08611111111111111
0 0.18828125 0.11597222222222223 0.0421875 0.04027777777777778
0 0.154296875 0.11527777777777778 0.03515625 0.03611111111111111
0 0.43359375 0.13402777777777777 0.0796875 0.06527777777777778
0 0.765234375 0.18194444444444444 0.03671875 0.05277777777777778
0 0.80078125 0.17777777777777778 0.034375 0.04722222222222222
0 0.864453125 0.15416666666666667 0.03984375 0.044444444444444446
0 0.094921875 0.22291666666666668 0.05078125 0.07361111111111111
0 0.055859375 0.22152777777777777 0.03984375 0.0625
0 0.0265625 0.22083333333333333 0.0296875 0.05
0 0.009375 0.225 0.01875 0.041666666666666664
