5 0.570703125 0.26458333333333334 0.01953125 0.07361111111111111
5 0.430859375 0.2423611111111111 0.02109375 0.09305555555555556
5 0.16015625 0.17291666666666666 0.0140625 0.04583333333333333
0 0.073828125 0.28541666666666665 0.07890625 0.08194444444444444
0 0.169140625 0.2923611111111111 0.10859375 0.09583333333333334
0 0.199609375 0.24166666666666667 0.09453125 0.09166666666666666
0 0.346484375 0.23402777777777778 0.08359375 0.08194444444444444
0 0.448046875 0.22083333333333333 0.06640625 0.07222222222222222
0 0.501171875 0.19375 0.03203125 0.05416666666666667
0 0.4859375 0.16666666666666666 0.0296875 0.041666666666666664
