0 0.637109375 0.3263888888888889 0.16484375 0.11666666666666667
0 0.95 0.5819444444444445 0.0984375 0.25
0 0.20703125 0.39861111111111114 0.178125 0.15555555555555556
0 0.04453125 0.6444444444444445 0.0890625 0.23055555555555557
0 0.383984375 0.1 0.03046875 0.04722222222222222
0 0.413671875 0.09444444444444444 0.03359375 0.044444444444444446
0 0.49296875 0.1284722222222222 0.0453125 0.0625
5 0.101171875 0.9083333333333333 0.07578125 0.18055555555555555
5 0.023828125 0.9194444444444444 0.04765625 0.15833333333333333
5 0.253125 0.24583333333333332 0.0234375 0.09166666666666666
5 0.67578125 0.18333333333333332 0.01875 0.09166666666666666
