0 0.4546875 0.36944444444444446 0.159375 0.2111111111111111
0 0.21484375 0.0875 0.028125 0.044444444444444446
0 0.251171875 0.1 0.03671875 0.044444444444444446
0 0.321875 0.13125 0.0515625 0.05694444444444444
0 0.48046875 0.21736111111111112 0.1 0.0875
0 0.7109375 0.3784722222222222 0.11875 0.14027777777777778
0 0.2921875 0.24027777777777778 0.0875 0.1111111111111111
0 0.20703125 0.17569444444444443 0.059375 0.08472222222222223
0 0.169921875 0.14305555555555555 0.04140625 0.058333333333333334
0 0.1421875 0.12361111111111112 0.0328125 0.04722222222222222
0 0.125 0.10208333333333333 0.034375 0.0625
