0 0.630078125 0.3194444444444444 0.17109375 0.1361111111111111
5 0.201953125 0.2673611111111111 0.01328125 0.07361111111111111
5 0.249609375 0.2513888888888889 0.01484375 0.075
5 0.27734375 0.25277777777777777 0.0203125 0.07222222222222222
5 0.45859375 0.16875 0.0171875 0.0625
5 0.56171875 0.1875 0.01875 0.06666666666666667
5 0.8796875 0.2659722222222222 0.0171875 0.08194444444444444
5 0.190234375 0.20902777777777778 0.01484375 0.04861111111111111
5 0.2546875 0.20972222222222223 0.021875 0.06388888888888888
5 0.221484375 0.26666666666666666 0.01796875 0.08611111111111111
5 0.326171875 0.13819444444444445 0.01171875 0.04583333333333333
0 0.34296875 0.15555555555555556 0.03125 0.041666666666666664
0 0.40859375 0.12222222222222222 0.0328125 0.041666666666666664
0 0.496484375 0.12638888888888888 0.03671875 0.04722222222222222
5 0.53515625 0.10555555555555556 0.0109375 0.041666666666666664
