0 0.717578125 0.40694444444444444 0.12578125 0.13333333333333333
0 0.46328125 0.31666666666666665 0.1359375 0.10833333333333334
0 0.182421875 0.25555555555555554 0.16328125 0.14444444444444443
0 0.03359375 0.2923611111111111 0.0671875 0.0875
0 0.501953125 0.1798611111111111 0.02734375 0.04027777777777778
5 0.484375 0.22777777777777777 0.015625 0.05555555555555555
5 0.34296875 0.19583333333333333 0.0109375 0.04722222222222222
5 0.3109375 0.2125 0.0125 0.04722222222222222
5 0.302734375 0.18819444444444444 0.01015625 0.05694444444444444
5 0.312890625 0.17777777777777778 0.00859375 0.041666666666666664
5 0.28515625 0.19305555555555556 0.0203125 0.07222222222222222
5 0.0546875 0.22013888888888888 0.0125 0.04583333333333333
