0 0.20390625 0.4513888888888889 0.1953125 0.2222222222222222
3 0.5796875 0.19027777777777777 0.178125 0.16944444444444445
0 0.261328125 0.13819444444444445 0.04453125 0.05416666666666667
5 0.339453125 0.16180555555555556 0.02421875 0.059722222222222225
5 0.42109375 0.5097222222222222 0.04375 0.18055555555555555
5 0.45625 0.4791666666666667 0.0296875 0.18333333333333332
5 0.47734375 0.5041666666666667 0.0296875 0.16666666666666666
5 0.496484375 0.4354166666666667 0.03359375 0.17916666666666667
5 0.515625 0.46111111111111114 0.03125 0.1638888888888889
5 0.78125 0.23819444444444443 0.0171875 0.07361111111111111
5 0.802734375 0.2520833333333333 0.01484375 0.07361111111111111
