5 0.585546875 0.8583333333333333 0.09765625 0.23333333333333334
5 0.4328125 0.24305555555555555 0.025 0.07777777777777778
5 0.163671875 0.17152777777777778 0.01484375 0.05416666666666667
1 0.038671875 0.2590277777777778 0.07734375 0.14583333333333334
0 0.15390625 0.2923611111111111 0.1015625 0.09305555555555556
0 0.246875 0.23541666666666666 0.0859375 0.08194444444444444
0 0.31953125 0.3020833333333333 0.14375 0.09305555555555556
0 0.49140625 0.21319444444444444 0.0453125 0.0625
0 0.49296875 0.16319444444444445 0.034375 0.043055555555555555
0 0.555078125 0.3638888888888889 0.15234375 0.13333333333333333
