5 0.109765625 0.44722222222222224 0.04453125 0.15555555555555556
5 0.08359375 0.5631944444444444 0.04375 0.15694444444444444
5 0.541796875 0.78125 0.07109375 0.2263888888888889
5 0.5734375 0.059722222222222225 0.0140625 0.05555555555555555
5 0.496484375 0.04861111111111111 0.01640625 0.05555555555555555
5 0.195703125 0.1125 0.01640625 0.04722222222222222
5 0.2125 0.10069444444444445 0.015625 0.05138888888888889
5 0.2390625 0.10625 0.015625 0.04861111111111111
0 0.418359375 0.35555555555555557 0.16171875 0.20555555555555555
0 0.5984375 0.16944444444444445 0.0796875 0.10555555555555556
0 0.66875 0.09791666666666667 0.0375 0.07083333333333333
0 0.703515625 0.058333333333333334 0.02890625 0.044444444444444446
0 0.68828125 0.07569444444444444 0.0265625 0.04861111111111111
3 0.846484375 0.09166666666666666 0.03671875 0.08888888888888889
