0 0.700390625 0.3194444444444444 0.16796875 0.14444444444444443
0 0.068359375 0.6270833333333333 0.13671875 0.23472222222222222
0 0.058984375 0.3819444444444444 0.09453125 0.08611111111111111
0 0.3890625 0.23472222222222222 0.0859375 0.11666666666666667
0 0.501171875 0.22708333333333333 0.07578125 0.11527777777777778
0 0.447265625 0.1388888888888889 0.04453125 0.06388888888888888
0 0.412890625 0.17847222222222223 0.04609375 0.04861111111111111
0 0.403515625 0.09027777777777778 0.02109375 0.027777777777777776
0 0.437109375 0.08263888888888889 0.04140625 0.029166666666666667
0 0.959375 0.5743055555555555 0.0796875 0.2986111111111111
5 0.203515625 0.2652777777777778 0.02109375 0.08888888888888889
5 0.21640625 0.25833333333333336 0.01875 0.075
5 0.229296875 0.25277777777777777 0.01328125 0.09166666666666666
5 0.251171875 0.2534722222222222 0.01796875 0.07916666666666666
5 0.26875 0.24930555555555556 0.0125 0.09305555555555556
5 0.2875 0.22847222222222222 0.015625 0.06805555555555555
5 0.619140625 0.20069444444444445 0.01484375 0.06527777777777778
5 0.66015625 0.19583333333333333 0.021875 0.08055555555555556
5 0.726171875 0.21388888888888888 0.01640625 0.07222222222222222
5 0.05078125 0.9166666666666666 0.071875 0.15833333333333333
0 0.494921875 0.12986111111111112 0.04609375 0.059722222222222225
