0 0.0796875 0.1736111111111111 0.0375 0.04722222222222222
0 0.11953125 0.18333333333333332 0.0328125 0.05277777777777778
0 0.182421875 0.15069444444444444 0.04609375 0.05416666666666667
0 0.2390625 0.13125 0.0578125 0.0625
0 0.311328125 0.15208333333333332 0.06484375 0.07083333333333333
0 0.354296875 0.1375 0.06328125 0.075
0 0.24296875 0.21319444444444444 0.0875 0.09027777777777778
0 0.552734375 0.10486111111111111 0.03671875 0.0375
0 0.601953125 0.125 0.03984375 0.05
1 0.10625 0.125 0.0734375 0.08333333333333333
1 0.63359375 0.1 0.0453125 0.08333333333333333
0 0.662109375 0.11736111111111111 0.02421875 0.03194444444444444
