0 0.4140625 0.19791666666666666 0.0546875 0.09305555555555556
0 0.385546875 0.1125 0.02578125 0.044444444444444446
0 0.4953125 0.13055555555555556 0.0421875 0.06111111111111111
5 0.244921875 0.33125 0.02421875 0.10694444444444444
5 0.190625 0.3076388888888889 0.025 0.07083333333333333
5 0.176171875 0.38263888888888886 0.03203125 0.09583333333333334
5 0.137109375 0.3972222222222222 0.03671875 0.11388888888888889
5 0.15859375 0.8861111111111111 0.071875 0.225
5 0.253125 0.5486111111111112 0.04375 0.17222222222222222
5 0.278125 0.3958333333333333 0.0375 0.14722222222222223
5 0.2765625 0.21666666666666667 0.0234375 0.07777777777777778
