5 0.14375 0.7645833333333333 0.05625 0.16805555555555557
5 0.17890625 0.46597222222222223 0.025 0.09027777777777778
5 0.165234375 0.3729166666666667 0.01328125 0.06527777777777778
5 0.178515625 0.3638888888888889 0.01484375 0.06666666666666667
5 0.135546875 0.3701388888888889 0.01796875 0.05694444444444444
5 0.28671875 0.35555555555555557 0.01875 0.06666666666666667
5 0.225 0.30069444444444443 0.015625 0.05138888888888889
0 0.31171875 0.26319444444444445 0.0453125 0.05138888888888889
0 0.332421875 0.30625 0.06015625 0.07083333333333333
0 0.469921875 0.3236111111111111 0.07734375 0.1
0 0.7453125 0.5923611111111111 0.1578125 0.2625
0 0.7453125 0.2916666666666667 0.0453125 0.075
0 0.78359375 0.28194444444444444 0.034375 0.041666666666666664
