0 0.420703125 0.17083333333333334 0.09453125 0.075
0 0.579296875 0.16944444444444445 0.07109375 0.06666666666666667
0 0.780078125 0.43680555555555556 0.16484375 0.18194444444444444
0 0.95 0.3763888888888889 0.0671875 0.08611111111111111
0 0.2421875 0.15625 0.0625 0.059722222222222225
0 0.24765625 0.11875 0.065625 0.05694444444444444
0 0.16015625 0.19444444444444445 0.0453125 0.041666666666666664
0 0.112890625 0.19027777777777777 0.03046875 0.044444444444444446
0 0.541015625 0.10416666666666667 0.03203125 0.03888888888888889
0 0.577734375 0.11388888888888889 0.02890625 0.03611111111111111
0 0.611328125 0.12222222222222222 0.02734375 0.03611111111111111
3 0.0375 0.19583333333333333 0.04375 0.07777777777777778
1 0.096875 0.14166666666666666 0.0828125 0.09722222222222222
