0 0.36484375 0.2534722222222222 0.10625 0.12083333333333333
0 0.185546875 0.3020833333333333 0.12109375 0.09861111111111111
0 0.19453125 0.13333333333333333 0.04375 0.03333333333333333
0 0.969140625 0.40208333333333335 0.06015625 0.09583333333333334
0 0.925390625 0.33958333333333335 0.06171875 0.0763888888888889
0 0.705078125 0.23333333333333334 0.07265625 0.125
0 0.872265625 0.27361111111111114 0.05859375 0.05
0 0.427734375 0.13125 0.04140625 0.06527777777777778
0 0.341015625 0.14930555555555555 0.07265625 0.10694444444444444
0 0.71875 0.14166666666666666 0.0234375 0.030555555555555555
0 0.7546875 0.15694444444444444 0.0203125 0.027777777777777776
0 0.541015625 0.10069444444444445 0.03203125 0.04027777777777778
0 0.570703125 0.1125 0.02578125 0.03888888888888889
1 0.61875 0.10208333333333333 0.0578125 0.08472222222222223
5 0.539453125 0.12916666666666668 0.01015625 0.03611111111111111
0 0.085546875 0.20208333333333334 0.03515625 0.04583333333333333
0 0.113671875 0.18333333333333332 0.03046875 0.04722222222222222
0 0.30546875 0.1 0.04375 0.03611111111111111
5 0.775390625 0.21597222222222223 0.01328125 0.05138888888888889
