0 0.10859375 0.37777777777777777 0.1296875 0.1638888888888889
3 0.423046875 0.1673611111111111 0.21015625 0.14027777777777778
0 0.30625 0.13194444444444445 0.04375 0.05277777777777778
0 0.26640625 0.14375 0.0421875 0.05416666666666667
0 0.380078125 0.33611111111111114 0.13984375 0.1361111111111111
0 0.614453125 0.20833333333333334 0.06953125 0.07222222222222222
0 0.591796875 0.14930555555555555 0.05078125 0.05416666666666667
0 0.651171875 0.13541666666666666 0.04453125 0.04861111111111111
5 0.56640625 0.6402777777777777 0.059375 0.24722222222222223
5 0.81171875 0.35625 0.0234375 0.11805555555555555
5 0.8375 0.36527777777777776 0.0296875 0.12222222222222222
