0 0.13203125 0.42916666666666664 0.1609375 0.18888888888888888
0 0.08046875 0.20833333333333334 0.0453125 0.05555555555555555
1 0.110546875 0.15347222222222223 0.06953125 0.1125
1 0.46171875 0.11666666666666667 0.1 0.18055555555555555
0 0.36796875 0.14444444444444443 0.046875 0.05555555555555555
0 0.36171875 0.24375 0.1140625 0.1125
0 0.197265625 0.12986111111111112 0.04453125 0.06527777777777778
0 0.931640625 0.3326388888888889 0.06171875 0.06527777777777778
0 0.962109375 0.4 0.06171875 0.10833333333333334
0 0.542578125 0.10555555555555556 0.03515625 0.06666666666666667
0 0.575 0.10902777777777778 0.025 0.05138888888888889
0 0.60859375 0.12222222222222222 0.0375 0.04722222222222222
