5 0.9046875 0.4736111111111111 0.0265625 0.09722222222222222
5 0.96484375 0.6673611111111111 0.04375 0.07361111111111111
5 0.95625 0.7416666666666667 0.0359375 0.13055555555555556
5 0.91015625 0.8527777777777777 0.0375 0.10555555555555556
5 0.5953125 0.3013888888888889 0.0265625 0.08611111111111111
5 0.597265625 0.23958333333333334 0.02734375 0.0875
5 0.521875 0.13958333333333334 0.025 0.0625
5 0.499609375 0.12916666666666668 0.01953125 0.058333333333333334
5 0.4453125 0.16180555555555556 0.0171875 0.05694444444444444
5 0.380078125 0.18958333333333333 0.02578125 0.06805555555555555
0 0.412890625 0.10833333333333334 0.03046875 0.05
0 0.469921875 0.1284722222222222 0.03984375 0.05138888888888889
0 0.6984375 0.12291666666666666 0.0453125 0.05416666666666667
0 0.672265625 0.10555555555555556 0.04296875 0.044444444444444446
