0 0.13359375 0.18680555555555556 0.0375 0.059722222222222225
0 0.416796875 0.09444444444444444 0.05234375 0.041666666666666664
0 0.29375 0.10416666666666667 0.0375 0.03611111111111111
0 0.219921875 0.10833333333333334 0.03515625 0.03888888888888889
0 0.968359375 0.39444444444444443 0.05546875 0.07222222222222222
0 0.944140625 0.3458333333333333 0.05234375 0.06666666666666667
0 0.546875 0.10625 0.025 0.029166666666666667
0 0.579296875 0.10972222222222222 0.02734375 0.03611111111111111
0 0.61171875 0.11736111111111111 0.028125 0.05416666666666667
5 0.81875 0.24305555555555555 0.0171875 0.04722222222222222
0 0.085546875 0.17291666666666666 0.02578125 0.0375
