5 0.155078125 0.3902777777777778 0.02421875 0.08333333333333333
5 0.22890625 0.3819444444444444 0.0328125 0.09166666666666666
5 0.423046875 0.32083333333333336 0.01953125 0.08611111111111111
5 0.412890625 0.2881944444444444 0.01484375 0.0763888888888889
5 0.5953125 0.21736111111111112 0.015625 0.07083333333333333
5 0.68671875 0.19166666666666668 0.01875 0.07777777777777778
5 0.441015625 0.15416666666666667 0.01328125 0.05555555555555555
5 0.90234375 0.8958333333333334 0.0640625 0.18055555555555555
0 0.418359375 0.09236111111111112 0.03671875 0.0763888888888889
0 0.709375 0.09791666666666667 0.0515625 0.06527777777777778
