0 0.887109375 0.8243055555555555 0.18515625 0.3486111111111111
0 0.88359375 0.41875 0.075 0.09027777777777778
0 0.777734375 0.32430555555555557 0.05234375 0.0625
0 0.673046875 0.24305555555555555 0.02890625 0.03888888888888889
0 0.363671875 0.20416666666666666 0.03359375 0.030555555555555555
0 0.325390625 0.20416666666666666 0.03203125 0.022222222222222223
0 0.162109375 0.25763888888888886 0.02109375 0.018055555555555554
0 0.14453125 0.26666666666666666 0.0171875 0.013888888888888888
5 0.151953125 0.41875 0.01328125 0.07361111111111111
5 0.141015625 0.41597222222222224 0.01328125 0.06805555555555555
3 0.555078125 0.1638888888888889 0.03046875 0.03333333333333333
