0 0.217578125 0.3770833333333333 0.13828125 0.1875
0 0.078515625 0.38333333333333336 0.11171875 0.1527777777777778
0 0.087109375 0.7444444444444445 0.16640625 0.33611111111111114
0 0.408984375 0.20277777777777778 0.06171875 0.07777777777777778
0 0.32265625 0.19444444444444445 0.071875 0.08055555555555556
0 0.612109375 0.23680555555555555 0.06328125 0.0763888888888889
0 0.677734375 0.16944444444444445 0.02734375 0.04722222222222222
0 0.70546875 0.15 0.0125 0.027777777777777776
0 0.861328125 0.26944444444444443 0.05078125 0.058333333333333334
0 0.95546875 0.38263888888888886 0.0625 0.08194444444444444
0 0.94296875 0.35138888888888886 0.05 0.058333333333333334
0 0.937890625 0.32916666666666666 0.06015625 0.07222222222222222
0 0.406640625 0.12361111111111112 0.04140625 0.03888888888888889
0 0.42421875 0.09652777777777778 0.0578125 0.04583333333333333
0 0.5421875 0.09583333333333334 0.0234375 0.041666666666666664
0 0.571875 0.1125 0.0265625 0.03611111111111111
0 0.60546875 0.12708333333333333 0.03125 0.04027777777777778
1 0.666015625 0.08680555555555555 0.04296875 0.05416666666666667
0 0.11015625 0.18541666666666667 0.0375 0.04027777777777778
1 0.749609375 0.14722222222222223 0.03828125 0.09166666666666666
5 0.525 0.11736111111111111 0.0109375 0.03194444444444444
5 0.63984375 0.1486111111111111 0.0078125 0.041666666666666664
