0 0.23203125 0.6145833333333334 0.159375 0.16527777777777777
0 0.1 0.8583333333333333 0.2 0.28055555555555556
0 0.29765625 0.9229166666666667 0.209375 0.15138888888888888
0 0.267578125 0.7243055555555555 0.15546875 0.20694444444444443
0 0.439453125 0.5604166666666667 0.09765625 0.1375
0 0.358203125 0.44722222222222224 0.08515625 0.10833333333333334
0 0.492578125 0.38819444444444445 0.05859375 0.0763888888888889
0 0.432421875 0.7465277777777778 0.14765625 0.24027777777777778
0 0.566796875 0.8715277777777778 0.18203125 0.25416666666666665
0 0.6203125 0.74375 0.1203125 0.18194444444444444
0 0.66484375 0.6201388888888889 0.0796875 0.13472222222222222
0 0.693359375 0.53125 0.05859375 0.10694444444444444
0 0.708203125 0.4861111111111111 0.04765625 0.09444444444444444
0 0.723046875 0.4388888888888889 0.03671875 0.07222222222222222
0 0.634375 0.45555555555555555 0.0625 0.09166666666666666
0 0.509375 0.6361111111111111 0.1015625 0.18888888888888888
0 0.56328125 0.5736111111111111 0.0734375 0.12777777777777777
0 0.608203125 0.5048611111111111 0.06171875 0.09583333333333334
0 0.8703125 0.5347222222222222 0.065625 0.09444444444444444
0 0.963671875 0.8298611111111112 0.07109375 0.1986111111111111
0 0.835546875 0.425 0.03828125 0.06388888888888888
0 0.83359375 0.3416666666666667 0.0234375 0.03888888888888889
0 0.79296875 0.33194444444444443 0.0203125 0.03333333333333333
0 0.73359375 0.3388888888888889 0.028125 0.044444444444444446
0 0.696484375 0.3659722222222222 0.03515625 0.05138888888888889
0 0.680859375 0.3277777777777778 0.01796875 0.041666666666666664
0 0.652734375 0.3194444444444444 0.03046875 0.041666666666666664
5 0.921875 0.3736111111111111 0.015625 0.04722222222222222
5 0.89921875 0.3611111111111111 0.0140625 0.03888888888888889
0 0.7125 0.30277777777777776 0.01875 0.027777777777777776
0 0.71796875 0.28125 0.015625 0.02361111111111111
3 0.699609375 0.2604166666666667 0.02265625 0.05138888888888889
4 0.544921875 0.2763888888888889 0.08359375 0.08611111111111111
4 0.6390625 0.2548611111111111 0.0359375 0.059722222222222225
