5 0.21484375 0.25069444444444444 0.0203125 0.0763888888888889
5 0.23125 0.24305555555555555 0.0203125 0.07222222222222222
5 0.602734375 0.25555555555555554 0.03359375 0.08333333333333333
5 0.58515625 0.18680555555555556 0.025 0.0763888888888889
0 0.3828125 0.1076388888888889 0.03125 0.05416666666666667
0 0.4984375 0.13333333333333333 0.040625 0.05555555555555555
0 0.439453125 0.08194444444444444 0.04765625 0.04722222222222222
0 0.9125 0.34375 0.1078125 0.1375
0 0.985546875 0.36944444444444446 0.02734375 0.09722222222222222
5 0.1625 0.27847222222222223 0.0328125 0.07916666666666666
5 0.1078125 0.2923611111111111 0.025 0.07916666666666666
5 0.3125 0.20069444444444445 0.0171875 0.07361111111111111
5 0.330859375 0.17222222222222222 0.01328125 0.06944444444444445
5 0.747265625 0.9458333333333333 0.06953125 0.10555555555555556
