0 0.15546875 0.24305555555555555 0.0609375 0.09444444444444444
0 0.123828125 0.14652777777777778 0.04140625 0.05416666666666667
0 0.2859375 0.14652777777777778 0.0921875 0.08472222222222223
0 0.416796875 0.13402777777777777 0.10546875 0.09583333333333334
0 0.93046875 0.3451388888888889 0.0625 0.0763888888888889
0 0.87734375 0.28402777777777777 0.05625 0.0625
0 0.539453125 0.09722222222222222 0.02890625 0.03888888888888889
0 0.57734375 0.11319444444444444 0.0234375 0.04027777777777778
0 0.6078125 0.12569444444444444 0.0234375 0.0375
0 0.65234375 0.10625 0.0203125 0.04027777777777778
0 0.762890625 0.14166666666666666 0.01328125 0.030555555555555555
1 0.690234375 0.09791666666666667 0.03203125 0.06527777777777778
1 0.71953125 0.10555555555555556 0.01875 0.041666666666666664
5 0.031640625 0.35833333333333334 0.02265625 0.08611111111111111
5 0.04921875 0.29375 0.021875 0.0625
5 0.00703125 0.37083333333333335 0.0140625 0.08611111111111111
