0 0.633984375 0.3923611111111111 0.12109375 0.12083333333333333
0 0.280859375 0.2972222222222222 0.12734375 0.10833333333333334
0 0.226171875 0.24027777777777778 0.08984375 0.07222222222222222
0 0.434765625 0.22013888888888888 0.06796875 0.07361111111111111
0 0.5015625 0.18611111111111112 0.03125 0.044444444444444446
0 0.480859375 0.1527777777777778 0.02578125 0.03611111111111111
5 0.71796875 0.3145833333333333 0.021875 0.08472222222222223
5 0.26484375 0.1701388888888889 0.0140625 0.05416666666666667
3 0.10234375 0.21875 0.0703125 0.09583333333333334
1 0.040625 0.23402777777777778 0.08125 0.19305555555555556
