4 0.262890625 0.17083333333333334 0.34453125 0.1
5 0.235546875 0.20902777777777778 0.01796875 0.05694444444444444
5 0.25390625 0.2125 0.01875 0.05
5 0.394921875 0.24722222222222223 0.02109375 0.07777777777777778
5 0.47109375 0.32430555555555557 0.0171875 0.12638888888888888
5 0.47109375 0.25625 0.01875 0.0763888888888889
5 0.534375 0.34444444444444444 0.028125 0.125
0 0.499609375 0.17847222222222223 0.02890625 0.043055555555555555
0 0.48359375 0.15486111111111112 0.0296875 0.04861111111111111
0 0.796875 0.4465277777777778 0.13125 0.14305555555555555
