5 0.112109375 0.7722222222222223 0.06015625 0.1638888888888889
5 0.169140625 0.5972222222222222 0.04140625 0.12777777777777777
5 0.132421875 0.46041666666666664 0.02421875 0.0763888888888889
5 0.16171875 0.45416666666666666 0.0234375 0.08333333333333333
5 0.134375 0.4215277777777778 0.0140625 0.05694444444444444
5 0.144140625 0.41944444444444445 0.01328125 0.07777777777777778
5 0.15078125 0.3951388888888889 0.0125 0.0625
5 0.166015625 0.3958333333333333 0.02109375 0.06666666666666667
5 0.158984375 0.35625 0.03203125 0.05694444444444444
5 0.2 0.3993055555555556 0.0234375 0.0763888888888889
0 0.930078125 0.8722222222222222 0.13828125 0.25277777777777777
