3 0.3796875 0.45 0.1796875 0.24166666666666667
3 0.533203125 0.4284722222222222 0.13828125 0.1986111111111111
3 0.688671875 0.36180555555555555 0.07109375 0.12916666666666668
3 0.17421875 0.7402777777777778 0.3453125 0.5111111111111111
0 0.56484375 0.8708333333333333 0.1609375 0.25555555555555554
0 0.359375 0.85625 0.1875 0.2847222222222222
0 0.48671875 0.6993055555555555 0.1046875 0.19305555555555556
3 0.45390625 0.5145833333333333 0.13125 0.19583333333333333
0 0.377734375 0.6291666666666667 0.09453125 0.15555555555555556
0 0.630859375 0.7194444444444444 0.10703125 0.18888888888888888
0 0.680078125 0.6298611111111111 0.01015625 0.009722222222222222
0 0.543359375 0.5930555555555556 0.08671875 0.1638888888888889
0 0.680078125 0.5819444444444445 0.07265625 0.12777777777777777
0 0.6015625 0.5298611111111111 0.0671875 0.11805555555555555
0 0.698046875 0.5277777777777778 0.06796875 0.1111111111111111
0 0.709765625 0.48541666666666666 0.04609375 0.08472222222222223
0 0.72421875 0.45555555555555555 0.053125 0.08333333333333333
0 0.733203125 0.4131944444444444 0.03828125 0.05138888888888889
0 0.7390625 0.33402777777777776 0.028125 0.0375
0 0.626171875 0.4756944444444444 0.04609375 0.08194444444444444
0 0.651171875 0.44722222222222224 0.03671875 0.075
0 0.61015625 0.41875 0.0328125 0.06527777777777778
0 0.602734375 0.3701388888888889 0.02890625 0.04861111111111111
0 0.638671875 0.33055555555555555 0.02265625 0.03888888888888889
0 0.634375 0.3 0.021875 0.030555555555555555
0 0.662109375 0.2826388888888889 0.02265625 0.02361111111111111
0 0.681640625 0.26944444444444443 0.01640625 0.022222222222222223
0 0.705859375 0.2916666666666667 0.01640625 0.013888888888888888
0 0.7140625 0.2743055555555556 0.0140625 0.02361111111111111
0 0.665625 0.42986111111111114 0.0328125 0.0763888888888889
0 0.759375 0.2902777777777778 0.01875 0.025
5 0.897265625 0.3506944444444444 0.01328125 0.05138888888888889
5 0.910546875 0.3701388888888889 0.00703125 0.04861111111111111
5 0.07734375 0.375 0.0234375 0.075
5 0.18828125 0.3701388888888889 0.025 0.06805555555555555
