0 0.59921875 0.3611111111111111 0.1375 0.125
0 0.199609375 0.28888888888888886 0.10859375 0.08055555555555556
0 0.097265625 0.25555555555555554 0.07734375 0.05555555555555555
5 0.257421875 0.21041666666666667 0.01328125 0.05694444444444444
5 0.271875 0.2111111111111111 0.0109375 0.05
5 0.28984375 0.20347222222222222 0.0125 0.05694444444444444
5 0.3046875 0.2076388888888889 0.0078125 0.05694444444444444
5 0.3140625 0.20555555555555555 0.0171875 0.05555555555555555
5 0.3375 0.20555555555555555 0.0140625 0.06666666666666667
5 0.35 0.19930555555555557 0.0109375 0.059722222222222225
5 0.706640625 0.26875 0.01015625 0.05416666666666667
4 0.867578125 0.30416666666666664 0.16953125 0.15555555555555556
4 0.117578125 0.18541666666666667 0.22265625 0.12083333333333333
