0 0.517578125 0.30694444444444446 0.11328125 0.13055555555555556
0 0.651953125 0.2048611111111111 0.05234375 0.08194444444444444
0 0.346484375 0.26875 0.11171875 0.12638888888888888
0 0.430859375 0.15763888888888888 0.05390625 0.07361111111111111
0 0.609765625 0.12361111111111112 0.03046875 0.041666666666666664
0 0.10859375 0.1840277777777778 0.0328125 0.04583333333333333
0 0.21484375 0.13333333333333333 0.0453125 0.04722222222222222
0 0.93984375 0.3506944444444444 0.046875 0.05416666666666667
0 0.9734375 0.3951388888888889 0.0515625 0.07083333333333333
0 0.813671875 0.23125 0.04296875 0.0625
0 0.75625 0.16111111111111112 0.0265625 0.03888888888888889
0 0.16171875 0.13194444444444445 0.04375 0.05
