0 0.7125 0.33819444444444446 0.1296875 0.15694444444444444
0 0.958203125 0.5368055555555555 0.08203125 0.15694444444444444
0 0.940625 0.35833333333333334 0.065625 0.09166666666666666
0 0.57421875 0.17291666666666666 0.0375 0.0625
0 0.751171875 0.15416666666666667 0.02734375 0.03888888888888889
0 0.425390625 0.12430555555555556 0.05859375 0.04583333333333333
0 0.521484375 0.12013888888888889 0.04296875 0.05138888888888889
0 0.483984375 0.09444444444444444 0.03671875 0.025
0 0.5640625 0.1 0.028125 0.03333333333333333
0 0.62265625 0.11944444444444445 0.0375 0.03333333333333333
0 0.203125 0.2298611111111111 0.0953125 0.09861111111111111
0 0.0484375 0.31527777777777777 0.0734375 0.1111111111111111
0 0.119140625 0.18263888888888888 0.02890625 0.04027777777777778
0 0.2109375 0.12569444444444444 0.053125 0.0625
3 0.059765625 0.1840277777777778 0.07734375 0.08472222222222223
0 0.646875 0.11944444444444445 0.01875 0.03611111111111111
0 0.98671875 0.39444444444444443 0.025 0.08055555555555556
1 0.7078125 0.1076388888888889 0.0375 0.04583333333333333
