0 0.188671875 0.31805555555555554 0.11015625 0.13333333333333333
0 0.33125 0.1840277777777778 0.053125 0.09305555555555556
0 0.295703125 0.15069444444444444 0.03828125 0.05138888888888889
0 0.2421875 0.13194444444444445 0.034375 0.041666666666666664
0 0.5640625 0.16597222222222222 0.0765625 0.059722222222222225
0 0.658203125 0.16666666666666666 0.04921875 0.05
0 0.69921875 0.12777777777777777 0.0296875 0.03333333333333333
3 0.6203125 0.12708333333333333 0.0953125 0.0763888888888889
5 0.266015625 0.17569444444444443 0.01171875 0.059722222222222225
5 0.23671875 0.2013888888888889 0.0109375 0.06111111111111111
5 0.19609375 0.19444444444444445 0.0171875 0.06666666666666667
5 0.280859375 0.32916666666666666 0.03046875 0.11944444444444445
5 0.30859375 0.325 0.0265625 0.125
