0 0.60703125 0.48333333333333334 0.2015625 0.175
0 0.86328125 0.38680555555555557 0.1140625 0.14027777777777778
3 0.37265625 0.10347222222222222 0.0421875 0.10416666666666667
0 0.412109375 0.10833333333333334 0.02421875 0.05
0 0.686328125 0.10972222222222222 0.05234375 0.06388888888888888
5 0.313671875 0.23958333333333334 0.01953125 0.07083333333333333
5 0.2828125 0.24305555555555555 0.01875 0.058333333333333334
5 0.328125 0.15833333333333333 0.0140625 0.044444444444444446
5 0.333984375 0.2111111111111111 0.01484375 0.06111111111111111
5 0.7578125 0.1375 0.01875 0.04722222222222222
