5 0.18046875 0.5166666666666667 0.034375 0.12777777777777777
5 0.14375 0.5534722222222223 0.034375 0.12361111111111112
5 0.133984375 0.4395833333333333 0.02578125 0.09305555555555556
5 0.13359375 0.3729166666666667 0.0171875 0.05694444444444444
5 0.162109375 0.3951388888888889 0.01953125 0.08472222222222223
5 0.167578125 0.33402777777777776 0.01484375 0.04583333333333333
5 0.138671875 0.34375 0.01484375 0.04583333333333333
0 0.265234375 0.2534722222222222 0.03046875 0.05138888888888889
0 0.241015625 0.24513888888888888 0.02421875 0.0375
0 0.333203125 0.2722222222222222 0.05390625 0.06388888888888888
0 0.546875 0.35 0.1 0.1111111111111111
0 0.80859375 0.33819444444444446 0.0578125 0.07083333333333333
0 0.81640625 0.6833333333333333 0.1609375 0.275
4 0.669140625 0.2638888888888889 0.13828125 0.18611111111111112
4 0.9171875 0.4673611111111111 0.1640625 0.37916666666666665
