3 0.62578125 0.44027777777777777 0.65 0.3111111111111111
0 0.762890625 0.8569444444444444 0.23984375 0.22777777777777777
0 0.71875 0.8569444444444444 0.0234375 0.002777777777777778
0 0.4796875 0.11666666666666667 0.04375 0.05277777777777778
0 0.4125 0.11388888888888889 0.0296875 0.03333333333333333
0 0.40703125 0.08541666666666667 0.025 0.043055555555555555
0 0.44375 0.08263888888888889 0.028125 0.03194444444444444
0 0.42734375 0.05555555555555555 0.015625 0.027777777777777776
0 0.474609375 0.050694444444444445 0.02109375 0.03194444444444444
0 0.6828125 0.12430555555555556 0.059375 0.05694444444444444
0 0.71875 0.27152777777777776 0.096875 0.07361111111111111
0 0.715625 0.10347222222222222 0.040625 0.043055555555555555
0 0.7359375 0.10069444444444445 0.025 0.034722222222222224
5 0.330859375 0.17916666666666667 0.01796875 0.058333333333333334
5 0.288671875 0.2388888888888889 0.01796875 0.06111111111111111
5 0.3125 0.2881944444444444 0.0171875 0.06805555555555555
5 0.117578125 0.4361111111111111 0.02890625 0.07777777777777778
5 0.047265625 0.5708333333333333 0.02890625 0.08055555555555556
5 0.705078125 0.19722222222222222 0.01328125 0.058333333333333334
5 0.7203125 0.19236111111111112 0.0140625 0.0625
5 0.738671875 0.22013888888888888 0.01484375 0.0375
5 0.576171875 0.10694444444444444 0.01015625 0.04722222222222222
5 0.8734375 0.325 0.0234375 0.06388888888888888
