0 0.44453125 0.31805555555555554 0.146875 0.11944444444444445
0 0.84921875 0.6236111111111111 0.21875 0.23055555555555557
0 0.0234375 0.3875 0.046875 0.07777777777777778
0 0.13046875 0.6375 0.2109375 0.20277777777777778
5 0.065625 0.9152777777777777 0.046875 0.16111111111111112
5 0.1109375 0.9159722222222222 0.0703125 0.16527777777777777
5 0.20859375 0.2548611111111111 0.021875 0.08194444444444444
5 0.237890625 0.26319444444444445 0.02109375 0.07916666666666666
5 0.06640625 0.3125 0.0171875 0.07222222222222222
0 0.4984375 0.12430555555555556 0.040625 0.04583333333333333
