3 0.270703125 0.08263888888888889 0.11015625 0.0625
0 0.95078125 0.35833333333333334 0.0578125 0.07222222222222222
0 0.252734375 0.16111111111111112 0.06171875 0.05555555555555555
0 0.27109375 0.14166666666666666 0.05625 0.05
0 0.11640625 0.22847222222222222 0.053125 0.04583333333333333
0 0.094140625 0.18055555555555555 0.02734375 0.03333333333333333
0 0.13125 0.17430555555555555 0.0421875 0.05138888888888889
1 0.116015625 0.1284722222222222 0.08046875 0.0763888888888889
0 0.544140625 0.1076388888888889 0.03515625 0.029166666666666667
0 0.57734375 0.11527777777777778 0.0234375 0.030555555555555555
0 0.60078125 0.1284722222222222 0.0265625 0.04027777777777778
