0 0.85546875 0.7930555555555555 0.2515625 0.4111111111111111
5 0.181640625 0.26180555555555557 0.02265625 0.08194444444444444
5 0.206640625 0.27569444444444446 0.01484375 0.09305555555555556
5 0.226171875 0.23958333333333334 0.01640625 0.0625
5 0.23671875 0.2611111111111111 0.01875 0.10833333333333334
5 0.258984375 0.25555555555555554 0.01796875 0.08611111111111111
5 0.278515625 0.2465277777777778 0.01796875 0.09305555555555556
5 0.69765625 0.20208333333333334 0.0234375 0.07083333333333333
5 0.479296875 0.1736111111111111 0.01796875 0.058333333333333334
0 0.469921875 0.17152777777777778 0.05078125 0.07916666666666666
0 0.447265625 0.13680555555555557 0.02734375 0.0625
0 0.383203125 0.11527777777777778 0.02578125 0.05
0 0.496484375 0.12777777777777777 0.04140625 0.05277777777777778
