0 0.536328125 0.4708333333333333 0.15859375 0.23333333333333334
0 0.578125 0.2604166666666667 0.090625 0.10694444444444444
0 0.701953125 0.22777777777777777 0.04609375 0.09166666666666666
0 0.97109375 0.4 0.05625 0.06666666666666667
0 0.540625 0.1076388888888889 0.04375 0.05138888888888889
0 0.583203125 0.10486111111111111 0.03203125 0.043055555555555555
0 0.13984375 0.6548611111111111 0.2140625 0.3763888888888889
0 0.611328125 0.12569444444444444 0.04609375 0.043055555555555555
0 0.196484375 0.12916666666666668 0.05078125 0.05
0 0.15703125 0.15347222222222223 0.0375 0.04027777777777778
0 0.11796875 0.17777777777777778 0.040625 0.06111111111111111
0 0.07734375 0.16527777777777777 0.046875 0.058333333333333334
