0 0.433203125 0.13402777777777777 0.07734375 0.06805555555555555
0 0.189453125 0.11388888888888889 0.03671875 0.041666666666666664
0 0.140625 0.19791666666666666 0.0625 0.0625
0 0.077734375 0.2263888888888889 0.05390625 0.06111111111111111
0 0.736328125 0.16597222222222222 0.03984375 0.05138888888888889
0 0.76796875 0.20833333333333334 0.0421875 0.07222222222222222
0 0.66640625 0.30694444444444446 0.1484375 0.125
0 0.248046875 0.23194444444444445 0.11015625 0.09722222222222222
5 0.230078125 0.2972222222222222 0.02578125 0.10555555555555556
5 0.251171875 0.30486111111111114 0.02109375 0.10138888888888889
5 0.889453125 0.6125 0.04921875 0.15555555555555556
0 0.959375 0.4201388888888889 0.0796875 0.12916666666666668
0 0.8578125 0.18541666666666667 0.034375 0.04583333333333333
