5 0.014453125 0.30833333333333335 0.02265625 0.07222222222222222
0 0.280078125 0.14722222222222223 0.05234375 0.044444444444444446
0 0.337890625 0.1111111111111111 0.05390625 0.03888888888888889
0 0.084375 0.21666666666666667 0.0265625 0.03888888888888889
0 0.17734375 0.15347222222222223 0.040625 0.04861111111111111
0 0.121484375 0.1736111111111111 0.04296875 0.07222222222222222
0 0.977734375 0.3951388888888889 0.04296875 0.08194444444444444
0 0.532421875 0.1076388888888889 0.03984375 0.05138888888888889
0 0.572265625 0.11388888888888889 0.02578125 0.030555555555555555
0 0.612890625 0.12916666666666668 0.02890625 0.03611111111111111
0 0.60390625 0.10555555555555556 0.0234375 0.03888888888888889
0 0.636328125 0.11944444444444445 0.01796875 0.03611111111111111
0 0.655859375 0.12083333333333333 0.02109375 0.025
0 0.774609375 0.13819444444444445 0.01015625 0.015277777777777777
0 0.224609375 0.09930555555555555 0.03359375 0.029166666666666667
