0 0.23671875 0.9229166666666667 0.2046875 0.15138888888888888
0 0.159375 0.5569444444444445 0.146875 0.12777777777777777
0 0.835546875 0.425 0.04609375 0.07777777777777778
0 0.712890625 0.30486111111111114 0.02734375 0.0375
0 0.621875 0.3034722222222222 0.025 0.04027777777777778
0 0.646484375 0.29444444444444445 0.01640625 0.030555555555555555
0 0.665234375 0.2847222222222222 0.01640625 0.030555555555555555
5 0.975 0.4583333333333333 0.021875 0.06388888888888888
5 0.989453125 0.46319444444444446 0.01328125 0.07083333333333333
4 0.627734375 0.2659722222222222 0.04609375 0.06527777777777778
