0 0.637890625 0.2798611111111111 0.10078125 0.1486111111111111
0 0.944921875 0.5388888888888889 0.10859375 0.18888888888888888
0 0.58359375 0.15416666666666667 0.0578125 0.07222222222222222
0 0.48828125 0.13125 0.053125 0.05416666666666667
3 0.421875 0.10625 0.1328125 0.11527777777777778
0 0.01875 0.2708333333333333 0.0375 0.08333333333333333
0 0.761328125 0.17777777777777778 0.02890625 0.041666666666666664
0 0.938671875 0.35694444444444445 0.05390625 0.08888888888888889
0 0.972265625 0.40555555555555556 0.05390625 0.07777777777777778
0 0.738671875 0.1527777777777778 0.01640625 0.03611111111111111
0 0.681640625 0.10416666666666667 0.01796875 0.030555555555555555
