0 0.71640625 0.5048611111111111 0.128125 0.18194444444444444
0 0.569921875 0.3645833333333333 0.08671875 0.10694444444444444
0 0.406640625 0.2923611111111111 0.06640625 0.06527777777777778
0 0.321484375 0.26875 0.05390625 0.04583333333333333
0 0.56328125 0.2708333333333333 0.05 0.07222222222222222
5 0.5984375 0.2708333333333333 0.0125 0.05555555555555555
0 0.274609375 0.25625 0.02890625 0.03194444444444444
5 0.165625 0.3902777777777778 0.015625 0.06666666666666667
5 0.14296875 0.3625 0.0109375 0.041666666666666664
3 0.63984375 0.2048611111111111 0.0453125 0.0625
