3 0.155859375 0.6215277777777778 0.31171875 0.46805555555555556
3 0.36953125 0.47638888888888886 0.175 0.26666666666666666
0 0.0890625 0.9013888888888889 0.178125 0.19444444444444445
0 0.242578125 0.7534722222222222 0.16328125 0.2569444444444444
0 0.355859375 0.8680555555555556 0.19296875 0.2611111111111111
0 0.467578125 0.7125 0.13203125 0.2
0 0.360546875 0.6520833333333333 0.11953125 0.1625
0 0.63125 0.7215277777777778 0.1015625 0.19305555555555556
0 0.923046875 0.5881944444444445 0.08984375 0.11805555555555555
0 0.846484375 0.4583333333333333 0.05703125 0.08055555555555556
0 0.813671875 0.3701388888888889 0.02890625 0.04861111111111111
0 0.841015625 0.35208333333333336 0.02265625 0.03194444444444444
0 0.791015625 0.3263888888888889 0.02265625 0.041666666666666664
0 0.826953125 0.32430555555555557 0.02578125 0.029166666666666667
0 0.53984375 0.6020833333333333 0.0921875 0.1375
0 0.443359375 0.5597222222222222 0.08515625 0.12777777777777777
0 0.502734375 0.5041666666666667 0.06796875 0.09444444444444444
0 0.57890625 0.5305555555555556 0.0703125 0.1111111111111111
0 0.6734375 0.6291666666666667 0.0875 0.125
0 0.570703125 0.8930555555555556 0.14609375 0.20555555555555555
0 0.499609375 0.43472222222222223 0.05234375 0.08611111111111111
0 0.480859375 0.40069444444444446 0.03984375 0.06527777777777778
0 0.539453125 0.40555555555555556 0.04765625 0.06666666666666667
0 0.571484375 0.38125 0.03359375 0.05416666666666667
0 0.615625 0.4930555555555556 0.05625 0.07777777777777778
0 0.6953125 0.53125 0.0671875 0.10138888888888889
0 0.698828125 0.47291666666666665 0.05234375 0.09583333333333334
0 0.63671875 0.4486111111111111 0.046875 0.08055555555555556
0 0.658984375 0.4270833333333333 0.03203125 0.07083333333333333
0 0.6734375 0.39375 0.028125 0.06527777777777778
0 0.6875 0.3840277777777778 0.01875 0.05138888888888889
0 0.716796875 0.4527777777777778 0.03671875 0.06388888888888888
0 0.719140625 0.4375 0.04140625 0.07222222222222222
0 0.73203125 0.41041666666666665 0.0359375 0.06527777777777778
0 0.738671875 0.3875 0.02890625 0.058333333333333334
0 0.740625 0.36180555555555555 0.025 0.04583333333333333
0 0.63203125 0.29791666666666666 0.0265625 0.0375
0 0.655859375 0.3173611111111111 0.02265625 0.029166666666666667
0 0.670703125 0.2951388888888889 0.01796875 0.04583333333333333
0 0.576953125 0.3423611111111111 0.03203125 0.04027777777777778
0 0.61484375 0.38819444444444445 0.0578125 0.08472222222222223
3 0.7046875 0.3347222222222222 0.0453125 0.09166666666666666
0 0.74296875 0.3375 0.025 0.05
0 0.759765625 0.2986111111111111 0.01640625 0.03611111111111111
0 0.7375 0.32013888888888886 0.01875 0.04861111111111111
0 0.626953125 0.33541666666666664 0.03203125 0.04583333333333333
5 0.969921875 0.44930555555555557 0.01640625 0.06527777777777778
5 0.98046875 0.4465277777777778 0.0125 0.059722222222222225
