3 0.83984375 0.36944444444444446 0.31875 0.3972222222222222
0 0.31875 0.22430555555555556 0.065625 0.09861111111111111
0 0.2921875 0.15208333333333332 0.046875 0.059722222222222225
0 0.25390625 0.1388888888888889 0.028125 0.041666666666666664
0 0.3640625 0.14791666666666667 0.059375 0.059722222222222225
0 0.342578125 0.17916666666666667 0.05390625 0.05277777777777778
0 0.58828125 0.14791666666666667 0.0484375 0.05138888888888889
0 0.63671875 0.1673611111111111 0.05625 0.05138888888888889
0 0.69765625 0.15 0.0375 0.04722222222222222
5 0.18203125 0.35347222222222224 0.0265625 0.1125
5 0.1890625 0.21944444444444444 0.015625 0.06666666666666667
5 0.176953125 0.21597222222222223 0.01171875 0.06805555555555555
0 0.226953125 0.13333333333333333 0.02421875 0.03888888888888889
