0 0.13046875 0.6944444444444444 0.2375 0.22777777777777777
0 0.17578125 0.325 0.09375 0.08333333333333333
0 0.417578125 0.20555555555555555 0.05234375 0.09166666666666666
0 0.39765625 0.1597222222222222 0.0359375 0.05555555555555555
2 0.45234375 0.1284722222222222 0.071875 0.12083333333333333
5 0.49375 0.1763888888888889 0.015625 0.058333333333333334
5 0.26875 0.24791666666666667 0.0171875 0.07361111111111111
5 0.24609375 0.24722222222222223 0.0125 0.08333333333333333
5 0.224609375 0.23472222222222222 0.01796875 0.075
5 0.183203125 0.2534722222222222 0.01640625 0.0763888888888889
5 0.198046875 0.25277777777777777 0.00859375 0.08055555555555556
5 0.941015625 0.29930555555555555 0.01328125 0.06527777777777778
5 0.969921875 0.3090277777777778 0.01484375 0.06805555555555555
5 0.11875 0.27708333333333335 0.0171875 0.0375
4 0.09765625 0.3798611111111111 0.1953125 0.41805555555555557
