1 0.27890625 0.6125 0.5578125 0.7722222222222223
0 0.380078125 0.22083333333333333 0.08671875 0.08611111111111111
0 0.091015625 0.4152777777777778 0.14609375 0.1361111111111111
0 0.57734375 0.11180555555555556 0.0359375 0.04027777777777778
0 0.61015625 0.11944444444444445 0.028125 0.04722222222222222
0 0.957421875 0.3923611111111111 0.07109375 0.10138888888888889
0 0.121484375 0.1798611111111111 0.03671875 0.04861111111111111
0 0.208203125 0.13055555555555556 0.03515625 0.044444444444444446
0 0.16875 0.14097222222222222 0.046875 0.05694444444444444
0 0.131640625 0.13680555555555557 0.03359375 0.04027777777777778
2 0.93828125 0.3173611111111111 0.121875 0.14583333333333334
0 0.096875 0.18125 0.0328125 0.05138888888888889
1 0.607421875 0.0798611111111111 0.05703125 0.05694444444444444
