0 0.816015625 0.38680555555555557 0.16640625 0.14305555555555555
5 0.471875 0.4125 0.040625 0.1638888888888889
5 0.434765625 0.42569444444444443 0.03515625 0.15694444444444444
5 0.3796875 0.4263888888888889 0.0375 0.1638888888888889
5 0.343359375 0.4409722222222222 0.04296875 0.15416666666666667
5 0.19140625 0.27569444444444446 0.025 0.07916666666666666
5 0.21640625 0.25833333333333336 0.021875 0.08333333333333333
0 0.315234375 0.17152777777777778 0.04765625 0.0625
0 0.26796875 0.14375 0.040625 0.043055555555555555
0 0.358984375 0.1451388888888889 0.05703125 0.05138888888888889
0 0.29765625 0.12569444444444444 0.0421875 0.0375
