0 0.114453125 0.17430555555555555 0.03671875 0.07361111111111111
0 0.1796875 0.14791666666666667 0.0359375 0.043055555555555555
0 0.140625 0.14791666666666667 0.0265625 0.043055555555555555
0 0.225 0.10208333333333333 0.0359375 0.0375
0 0.55703125 0.14652777777777778 0.071875 0.0625
0 0.486328125 0.14722222222222223 0.06796875 0.06666666666666667
0 0.656640625 0.2048611111111111 0.08203125 0.0763888888888889
0 0.72421875 0.21319444444444444 0.05625 0.05416666666666667
5 0.03984375 0.36527777777777776 0.0265625 0.08611111111111111
0 0.546484375 0.09930555555555555 0.03046875 0.03194444444444444
0 0.58359375 0.10555555555555556 0.0453125 0.044444444444444446
0 0.9171875 0.3458333333333333 0.065625 0.08611111111111111
0 0.958203125 0.3659722222222222 0.04609375 0.0625
0 0.077734375 0.20555555555555555 0.03984375 0.06388888888888888
0 0.65703125 0.1125 0.0359375 0.044444444444444446
