0 0.466015625 0.15694444444444444 0.06015625 0.1111111111111111
0 0.343359375 0.15625 0.03046875 0.05694444444444444
5 0.021875 0.8569444444444444 0.0296875 0.10555555555555556
5 0.048828125 0.9069444444444444 0.05546875 0.15555555555555556
5 0.09609375 0.9527777777777777 0.053125 0.09166666666666666
5 0.187109375 0.2743055555555556 0.02265625 0.06805555555555555
5 0.21015625 0.2590277777777778 0.0125 0.07083333333333333
5 0.2359375 0.2590277777777778 0.021875 0.08472222222222223
5 0.263671875 0.2423611111111111 0.01484375 0.0763888888888889
5 0.280078125 0.25277777777777777 0.01328125 0.09722222222222222
