0 0.927734375 0.8243055555555555 0.14296875 0.1986111111111111
0 0.928125 0.7229166666666667 0.0046875 0.004166666666666667
0 0.441015625 0.47708333333333336 0.13984375 0.19583333333333333
0 0.5328125 0.23958333333333334 0.0515625 0.09027777777777778
0 0.483203125 0.12638888888888888 0.04296875 0.05555555555555555
0 0.423046875 0.12152777777777778 0.04296875 0.059722222222222225
0 0.080078125 0.8986111111111111 0.16015625 0.2
0 0.71328125 0.09861111111111111 0.053125 0.058333333333333334
5 0.32109375 0.21666666666666667 0.01875 0.06944444444444445
5 0.55078125 0.11736111111111111 0.0203125 0.05138888888888889
5 0.7265625 0.1986111111111111 0.0203125 0.07222222222222222
5 0.843359375 0.3090277777777778 0.01484375 0.1125
5 0.859375 0.29375 0.025 0.07361111111111111
5 0.874609375 0.33402777777777776 0.02734375 0.0763888888888889
5 0.8984375 0.3402777777777778 0.03125 0.08333333333333333
5 0.940625 0.36736111111111114 0.0265625 0.0763888888888889
5 0.227734375 0.3402777777777778 0.03046875 0.09722222222222222
5 0.04765625 0.5673611111111111 0.0328125 0.09027777777777778
