1763657617423 0.00033 0
1763661749157 3e-05 1
1763662994216 0.00037 2
1763664335388 0.00034 3
1763666171492 0.00128 4
1763666964177 0.00032 5
1763668962648 0.00096 6
1763669685458 0.00146 7
1763670457115 0.00228 8
1763671321808 0.00159 9
1763672179211 0.00506 10
1763673051450 0.00286 11
1763673817400 0.00129 12
1763674576106 0.00598 13
1763675333311 0.00766 14
1763676119505 0.03034 15
1763676777714 0.02522 16
1763677335241 0.02041 17
1763677842257 0.02205 18
1763678349926 0.04796 19
1763678852326 0.07772 20
1763679332774 0.07076 21
1763679814037 0.03725 22
1763680295665 0.04525 23
1763680778206 0.06415 24
1763681263155 0.0759 25
1763681746362 0.07345 26
1763682231780 0.16989 27
1763682718139 0.06998 28
1763683206620 0.08894 29
1763683699602 0.07137 30
1763684195335 0.06932 31
1763684696602 0.34019 32
1763685252524 0.2251 33
1763685991665 0.05255 34
1763686578379 0.29219 35
1763687160365 0.23127 36
1763687744737 0.09109 37
1763688337350 0.22552 38
1763688944083 0.23386 39
1763689547175 0.24719 40
1763690150743 0.25818 41
1763690651701 0.38146 42
1763691156106 0.16061 43
1763691660203 0.42193 44
1763692185697 0.18569 45
1763692692988 0.28397 46
1763693197041 0.18154 47
1763693705707 0.33828 48
1763694226694 0.18787 49
1763694763392 0.26149 50
1763695252201 0.26809 51
1763695746332 0.42941 52
1763696240207 0.24649 53
1763696986162 0.26008 54
1763697493831 0.37343 55
1763697989411 0.41925 56
1763698481398 0.43368 57
1763699026809 0.39955 58
1763699560042 0.40607 59
1763700091537 0.40929 60
1763700595325 0.41076 61
1763701085747 0.46986 62
1763701570871 0.42914 63
1763702061812 0.47124 64
1763702552254 0.42378 65
1763703040261 0.43021 66
1763703529822 0.46589 67
1763704020757 0.50179 68
1763704513141 0.43601 69
1763705004800 0.41003 70
1763705497099 0.45378 71
1763705993025 0.44834 72
1763706518812 0.42179 73
1763707032898 0.40631 74
1763707556332 0.45571 75
1763708094731 0.46586 76
1763708641492 0.45759 77
1763709195507 0.47372 78
1763709745743 0.47336 79
1763709782280 0.5004430456522406 79
