1763657617423 0.00137 0
1763661749157 0.00025 1
1763662994216 0.00137 2
1763664335388 0.00073 3
1763666171492 0.003 4
1763666964177 0.00129 5
1763668962648 0.00232 6
1763669685458 0.00267 7
1763670457115 0.0042 8
1763671321808 0.00291 9
1763672179211 0.00913 10
1763673051450 0.00482 11
1763673817400 0.00354 12
1763674576106 0.01262 13
1763675333311 0.0152 14
1763676119505 0.04741 15
1763676777714 0.04099 16
1763677335241 0.02617 17
1763677842257 0.026 18
1763678349926 0.06342 19
1763678852326 0.09042 20
1763679332774 0.07672 21
1763679814037 0.04204 22
1763680295665 0.05711 23
1763680778206 0.07194 24
1763681263155 0.08327 25
1763681746362 0.08237 26
1763682231780 0.18 27
1763682718139 0.07526 28
1763683206620 0.09665 29
1763683699602 0.07886 30
1763684195335 0.07512 31
1763684696602 0.35566 32
1763685252524 0.25369 33
1763685991665 0.05567 34
1763686578379 0.29819 35
1763687160365 0.2356 36
1763687744737 0.09332 37
1763688337350 0.2436 38
1763688944083 0.24623 39
1763689547175 0.26329 40
1763690150743 0.26364 41
1763690651701 0.38376 42
1763691156106 0.16242 43
1763691660203 0.42943 44
1763692185697 0.19078 45
1763692692988 0.29638 46
1763693197041 0.18728 47
1763693705707 0.33986 48
1763694226694 0.19255 49
1763694763392 0.27129 50
1763695252201 0.27003 51
1763695746332 0.43438 52
1763696240207 0.24782 53
1763696986162 0.27003 54
1763697493831 0.37457 55
1763697989411 0.42729 56
1763698481398 0.43618 57
1763699026809 0.40285 58
1763699560042 0.40956 59
1763700091537 0.41008 60
1763700595325 0.41374 61
1763701085747 0.47245 62
1763701570871 0.43543 63
1763702061812 0.47382 64
1763702552254 0.4246 65
1763703040261 0.43083 66
1763703529822 0.46723 67
1763704020757 0.50403 68
1763704513141 0.43757 69
1763705004800 0.41148 70
1763705497099 0.45463 71
1763705993025 0.44869 72
1763706518812 0.42214 73
1763707032898 0.40694 74
1763707556332 0.45637 75
1763708094731 0.46624 76
1763708641492 0.45821 77
1763709195507 0.47432 78
1763709745743 0.47424 79
1763709782280 0.5029992537433605 79
