1763657617423 0.00073 0
1763661749157 0.00039 1
1763662994216 0.00076 2
1763664335388 0.00046 3
1763666171492 0.00161 4
1763666964177 0.00116 5
1763668962648 0.00112 6
1763669685458 0.00167 7
1763670457115 0.00167 8
1763671321808 0.00183 9
1763672179211 0.00266 10
1763673051450 0.00156 11
1763673817400 0.00353 12
1763674576106 0.01071 13
1763675333311 0.00915 14
1763676119505 0.25852 15
1763676777714 0.013 16
1763677335241 0.00724 17
1763677842257 0.76701 18
1763678349926 0.76897 19
1763678852326 0.80704 20
1763679332774 0.81099 21
1763679814037 0.77539 22
1763680295665 0.79509 23
1763680778206 0.78267 24
1763681263155 0.79196 25
1763681746362 0.79656 26
1763682231780 0.85903 27
1763682718139 0.80633 28
1763683206620 0.80402 29
1763683699602 0.825 30
1763684195335 0.80542 31
1763684696602 0.91218 32
1763685252524 0.92992 33
1763685991665 0.78761 34
1763686578379 0.9274 35
1763687160365 0.90744 36
1763687744737 0.29644 37
1763688337350 0.90426 38
1763688944083 0.15812 39
1763689547175 0.36146 40
1763690150743 0.43373 41
1763690651701 0.54464 42
1763691156106 0.35369 43
1763691660203 0.97561 44
1763692185697 0.39253 45
1763692692988 0.72935 46
1763693197041 0.41054 47
1763693705707 0.22198 48
1763694226694 0.39425 49
1763694763392 0.19093 50
1763695252201 0.44072 51
1763695746332 0.44334 52
1763696240207 0.18708 53
1763696986162 0.39168 54
1763697493831 0.8141 55
1763697989411 0.77639 56
1763698481398 0.31164 57
1763699026809 0.23644 58
1763699560042 0.227 59
1763700091537 0.24981 60
1763700595325 0.23536 61
1763701085747 0.31942 62
1763701570871 0.32538 63
1763702061812 0.3714 64
1763702552254 0.33762 65
1763703040261 0.27114 66
1763703529822 0.32002 67
1763704020757 0.3356 68
1763704513141 0.30562 69
1763705004800 0.2641 70
1763705497099 0.39762 71
1763705993025 0.32927 72
1763706518812 0.33314 73
1763707032898 0.29402 74
1763707556332 0.39074 75
1763708094731 0.38627 76
1763708641492 0.32604 77
1763709195507 0.34246 78
1763709745743 0.36875 79
1763709782280 0.3359368576151799 79
