1763657617423 0.10331 0
1763661749157 0.08333 1
1763662994216 0.1281 2
1763664335388 0.18388 3
1763666171492 0.28396 4
1763666964177 0.23229 5
1763668962648 0.24931 6
1763669685458 0.27204 7
1763670457115 0.24931 8
1763671321808 0.24105 9
1763672179211 0.50745 10
1763673051450 0.29477 11
1763673817400 0.18595 12
1763674576106 0.39361 13
1763675333311 0.55799 14
1763676119505 0.23554 15
1763676777714 0.79821 16
1763677335241 0.88831 17
1763677842257 0.13017 18
1763678349926 0.15496 19
1763678852326 0.14598 20
1763679332774 0.13223 21
1763679814037 0.15289 22
1763680295665 0.13843 23
1763680778206 0.17149 24
1763681263155 0.1575 25
1763681746362 0.10331 26
1763682231780 0.14256 27
1763682718139 0.15289 28
1763683206620 0.13843 29
1763683699602 0.1098 30
1763684195335 0.17355 31
1763684696602 0.15496 32
1763685252524 0.15913 33
1763685991665 0.13223 34
1763686578379 0.14643 35
1763687160365 0.14256 36
1763687744737 0.19421 37
1763688337350 0.15496 38
1763688944083 0.31475 39
1763689547175 0.35728 40
1763690150743 0.32796 41
1763690651701 0.35282 42
1763691156106 0.32558 43
1763691660203 0.22934 44
1763692185697 0.28915 45
1763692692988 0.2799 46
1763693197041 0.2662 47
1763693705707 0.46745 48
1763694226694 0.30209 49
1763694763392 0.40691 50
1763695252201 0.30309 51
1763695746332 0.42219 52
1763696240207 0.47219 53
1763696986162 0.32427 54
1763697493831 0.29926 55
1763697989411 0.3196 56
1763698481398 0.49472 57
1763699026809 0.45133 58
1763699560042 0.52355 59
1763700091537 0.48614 60
1763700595325 0.56474 61
1763701085747 0.58691 62
1763701570871 0.48371 63
1763702061812 0.56192 64
1763702552254 0.49145 65
1763703040261 0.55115 66
1763703529822 0.63671 67
1763704020757 0.64652 68
1763704513141 0.49461 69
1763705004800 0.49128 70
1763705497099 0.52256 71
1763705993025 0.56558 72
1763706518812 0.50788 73
1763707032898 0.47091 74
1763707556332 0.53193 75
1763708094731 0.56809 76
1763708641492 0.5491 77
1763709195507 0.56457 78
1763709745743 0.55337 79
1763709782280 0.6473319861525966 79
