1763657563164 2.72335 0
1763661708808 2.21027 1
1763662901319 2.08807 2
1763664241675 1.99897 3
1763666124697 1.98777 4
1763666912989 1.87146 5
1763668915306 1.727 6
1763669635227 1.58649 7
1763670404126 1.45217 8
1763671265186 1.38737 9
1763672120163 1.2776 10
1763672993177 1.23988 11
1763673766904 1.15911 12
1763674516001 1.11902 13
1763675279774 1.06666 14
1763676066038 1.04489 15
1763676735192 1.01158 16
1763677297007 0.96411 17
1763677804100 0.9372 18
1763678311314 0.91572 19
1763678817819 0.86064 20
1763679298626 0.82333 21
1763679779580 0.82132 22
1763680261058 0.77114 23
1763680743694 0.75098 24
1763681228636 0.68268 25
1763681711705 0.69937 26
1763682197127 0.68871 27
1763682683477 0.63095 28
1763683171848 0.62152 29
1763683662869 0.64745 30
1763684158401 0.61294 31
1763684659424 0.58785 32
1763685210597 0.58376 33
1763685948839 0.56059 34
1763686536039 0.53976 35
1763687117533 0.51475 36
1763687703212 0.53624 37
1763688294167 0.50436 38
1763688900521 0.48247 39
1763689503690 0.48844 40
1763690106916 0.49131 41
1763690617265 0.48144 42
1763691122122 0.48509 43
1763691625910 0.46936 44
1763692151756 0.44906 45
1763692659137 0.4621 46
1763693162070 0.44714 47
1763693670655 0.42911 48
1763694192135 0.43058 49
1763694729173 0.43835 50
1763695217655 0.41652 51
1763695710953 0.40917 52
1763696204910 0.39642 53
1763696952070 0.4004 54
1763697458533 0.39176 55
1763697952749 0.38591 56
1763698443239 0.37895 57
1763698987990 0.36652 58
1763699521275 0.36518 59
1763700056209 0.36028 60
1763700558837 0.36589 61
1763701051799 0.34271 62
1763701536529 0.35771 63
1763702027295 0.34035 64
1763702517617 0.34998 65
1763703005686 0.3399 66
1763703495237 0.32551 67
1763703985724 0.32856 68
1763704477090 0.31917 69
1763704968425 0.29987 70
1763705460390 0.26292 71
1763705956121 0.2457 72
1763706483553 0.24537 73
1763706998066 0.24165 74
1763707519078 0.22421 75
1763708057166 0.2319 76
1763708603349 0.22396 77
1763709156425 0.21771 78
1763709707341 0.21717 79
