1763657563164 7.89567 0
1763661708808 6.41267 1
1763662901319 5.65606 2
1763664241675 5.20728 3
1763666124697 4.91158 4
1763666912989 4.50963 5
1763668915306 4.31478 6
1763669635227 4.16231 7
1763670404126 4.06584 8
1763671265186 3.91393 9
1763672120163 3.84142 10
1763672993177 3.69342 11
1763673766904 3.6773 12
1763674516001 3.59651 13
1763675279774 3.47878 14
1763676066038 3.35931 15
1763676735192 3.28556 16
1763677297007 3.20069 17
1763677804100 3.07495 18
1763678311314 3.05308 19
1763678817819 2.97222 20
1763679298626 2.9141 21
1763679779580 2.9098 22
1763680261058 2.78368 23
1763680743694 2.73793 24
1763681228636 2.70153 25
1763681711705 2.73329 26
1763682197127 2.68783 27
1763682683477 2.57006 28
1763683171848 2.57223 29
1763683662869 2.52176 30
1763684158401 2.48348 31
1763684659424 2.41023 32
1763685210597 2.44868 33
1763685948839 2.35001 34
1763686536039 2.30168 35
1763687117533 2.26439 36
1763687703212 2.21385 37
1763688294167 2.22703 38
1763688900521 2.16293 39
1763689503690 2.13239 40
1763690106916 2.19918 41
1763690617265 2.07921 42
1763691122122 2.11446 43
1763691625910 2.06193 44
1763692151756 2.02819 45
1763692659137 2.01168 46
1763693162070 1.95613 47
1763693670655 1.97578 48
1763694192135 2.00965 49
1763694729173 1.91002 50
1763695217655 1.84581 51
1763695710953 1.78692 52
1763696204910 1.82715 53
1763696952070 1.7851 54
1763697458533 1.74905 55
1763697952749 1.76711 56
1763698443239 1.71287 57
1763698987990 1.71816 58
1763699521275 1.69669 59
1763700056209 1.72217 60
1763700558837 1.70033 61
1763701051799 1.64748 62
1763701536529 1.69138 63
1763702027295 1.69907 64
1763702517617 1.66792 65
1763703005686 1.58994 66
1763703495237 1.55141 67
1763703985724 1.57517 68
1763704477090 1.54251 69
1763704968425 1.8209 70
1763705460390 1.56801 71
1763705956121 1.48338 72
1763706483553 1.45554 73
1763706998066 1.37097 74
1763707519078 1.39059 75
1763708057166 1.40528 76
1763708603349 1.29543 77
1763709156425 1.43942 78
1763709707341 1.39383 79
