1763657563164 2.61183 0
1763661708808 2.01479 1
1763662901319 1.94049 2
1763664241675 1.95011 3
1763666124697 1.88981 4
1763666912989 1.8226 5
1763668915306 1.7621 6
1763669635227 1.63701 7
1763670404126 1.54914 8
1763671265186 1.52557 9
1763672120163 1.4256 10
1763672993177 1.38123 11
1763673766904 1.33736 12
1763674516001 1.3189 13
1763675279774 1.29733 14
1763676066038 1.27065 15
1763676735192 1.24506 16
1763677297007 1.22216 17
1763677804100 1.1929 18
1763678311314 1.19428 19
1763678817819 1.15315 20
1763679298626 1.1236 21
1763679779580 1.11282 22
1763680261058 1.07977 23
1763680743694 1.08895 24
1763681228636 1.03093 25
1763681711705 1.04786 26
1763682197127 1.03988 27
1763682683477 1.01041 28
1763683171848 0.99264 29
1763683662869 1.01995 30
1763684158401 1.00195 31
1763684659424 0.98656 32
1763685210597 0.98306 33
1763685948839 0.96174 34
1763686536039 0.95535 35
1763687117533 0.94206 36
1763687703212 0.94881 37
1763688294167 0.93088 38
1763688900521 0.92192 39
1763689503690 0.92601 40
1763690106916 0.92719 41
1763690617265 0.92002 42
1763691122122 0.91527 43
1763691625910 0.91144 44
1763692151756 0.91026 45
1763692659137 0.90656 46
1763693162070 0.90184 47
1763693670655 0.89128 48
1763694192135 0.90289 49
1763694729173 0.8978 50
1763695217655 0.883 51
1763695710953 0.87902 52
1763696204910 0.86778 53
1763696952070 0.87931 54
1763697458533 0.87564 55
1763697952749 0.8807 56
1763698443239 0.86776 57
1763698987990 0.86312 58
1763699521275 0.8697 59
1763700056209 0.86564 60
1763700558837 0.86385 61
1763701051799 0.86009 62
1763701536529 0.86464 63
1763702027295 0.85537 64
1763702517617 0.85543 65
1763703005686 0.85201 66
1763703495237 0.84958 67
1763703985724 0.83754 68
1763704477090 0.84753 69
1763704968425 0.83204 70
1763705460390 0.81195 71
1763705956121 0.80724 72
1763706483553 0.80614 73
1763706998066 0.80522 74
1763707519078 0.79423 75
1763708057166 0.80873 76
1763708603349 0.79488 77
1763709156425 0.79915 78
1763709707341 0.78935 79
